78.10000174204414 52.88000197062779 33.260002444727455
74.10000171786905 50.880001958540234 33.76000244774934
77.60000173902225 51.88000196458401 33.76000244774934
49.600001569796575 16.880001753051918 34.26000245077123
78.10000174204414 50.880001958540234 34.26000245077123
32.60000146705242 5.880001686570406 35.260002456815
76.10000172995659 53.38000197364967 35.76000245983689
76.60000173297848 53.38000197364967 35.76000245983689
76.10000172995659 53.38000197364967 36.26000246285878
77.10000173600037 53.38000197364967 36.26000246285878
77.60000173902225 53.38000197364967 36.26000246285878
76.60000173297848 53.88000197667155 36.26000246285878
77.10000173600037 53.88000197667155 36.26000246285878
78.10000174204414 53.88000197667155 36.26000246285878
78.10000174204414 53.38000197364967 36.76000246588067
76.60000173297848 53.88000197667155 36.76000246588067
77.60000173902225 53.88000197667155 36.76000246588067
77.60000173902225 54.380001979693446 36.76000246588067
49.100001566774694 33.380001852774186 37.260002468902556
76.10000172995659 53.38000197364967 37.260002468902556
75.10000172391281 53.88000197667155 37.260002468902556
75.6000017269347 53.88000197667155 37.260002468902556
76.10000172995659 53.88000197667155 37.260002468902556
76.60000173297848 53.88000197667155 37.260002468902556
74.60000172089093 54.380001979693446 37.260002468902556
76.10000172995659 55.38000198573722 37.260002468902556
81.60000176319734 81.88000214589722 37.260002468902556
74.60000172089093 53.38000197364967 37.76000247192444
81.10000176017546 81.88000214589722 37.76000247192444
81.60000176319734 81.88000214589722 37.76000247192444
82.10000176621924 81.88000214589722 37.76000247192444
80.10000175413168 82.38000214891912 37.76000247192444
81.10000176017546 82.38000214891912 37.76000247192444
81.60000176319734 82.38000214891912 37.76000247192444
80.10000175413168 82.880002151941 37.76000247192444
80.60000175715358 83.3800021549629 37.76000247192444
33.10000147007432 6.380001689592294 38.260002474946326
57.10000161512488 25.380001804423994 38.260002474946326
77.60000173902225 54.88000198271533 38.260002474946326
82.10000176621924 81.38000214287534 38.260002474946326
80.60000175715358 81.88000214589722 38.260002474946326
81.10000176017546 81.88000214589722 38.260002474946326
81.60000176319734 81.88000214589722 38.260002474946326
82.10000176621924 81.88000214589722 38.260002474946326
80.60000175715358 82.38000214891912 38.260002474946326
81.10000176017546 82.38000214891912 38.260002474946326
81.60000176319734 82.38000214891912 38.260002474946326
80.60000175715358 82.880002151941 38.260002474946326
81.10000176017546 82.880002151941 38.260002474946326
81.60000176319734 82.880002151941 38.260002474946326
81.10000176017546 83.3800021549629 38.260002474946326
42.10000152446828 55.38000198573722 38.760002477968214
82.10000176621924 81.38000214287534 38.760002477968214
80.60000175715358 81.88000214589722 38.760002477968214
81.10000176017546 81.88000214589722 38.760002477968214
81.60000176319734 81.88000214589722 38.760002477968214
82.10000176621924 81.88000214589722 38.760002477968214
80.10000175413168 82.38000214891912 38.760002477968214
80.60000175715358 82.38000214891912 38.760002477968214
81.10000176017546 82.38000214891912 38.760002477968214
81.60000176319734 82.38000214891912 38.760002477968214
79.6000017511098 82.880002151941 38.760002477968214
80.10000175413168 82.880002151941 38.760002477968214
80.60000175715358 82.880002151941 38.760002477968214
81.60000176319734 82.880002151941 38.760002477968214
81.10000176017546 83.3800021549629 38.760002477968214
81.60000176319734 83.3800021549629 38.760002477968214
34.600001479139976 5.880001686570406 39.2600024809901
77.10000173600037 53.88000197667155 39.2600024809901
77.10000173600037 55.38000198573722 39.2600024809901
76.60000173297848 55.880001988759105 39.2600024809901
76.60000173297848 56.88000199480288 39.2600024809901
80.60000175715358 81.88000214589722 39.2600024809901
81.10000176017546 81.88000214589722 39.2600024809901
82.10000176621924 81.88000214589722 39.2600024809901
79.10000174808792 82.38000214891912 39.2600024809901
80.10000175413168 82.38000214891912 39.2600024809901
80.60000175715358 82.38000214891912 39.2600024809901
81.10000176017546 82.38000214891912 39.2600024809901
75.10000172391281 52.88000197062779 39.76000248401199
75.10000172391281 53.88000197667155 39.76000248401199
76.10000172995659 53.88000197667155 39.76000248401199
76.10000172995659 54.380001979693446 39.76000248401199
76.60000173297848 54.380001979693446 39.76000248401199
76.10000172995659 54.88000198271533 39.76000248401199
76.10000172995659 55.38000198573722 39.76000248401199
76.60000173297848 55.38000198573722 39.76000248401199
77.10000173600037 55.38000198573722 39.76000248401199
76.10000172995659 55.880001988759105 39.76000248401199
76.60000173297848 55.880001988759105 39.76000248401199
79.6000017511098 81.38000214287534 39.76000248401199
81.60000176319734 81.38000214287534 39.76000248401199
79.6000017511098 81.88000214589722 39.76000248401199
82.10000176621924 81.88000214589722 39.76000248401199
81.10000176017546 82.38000214891912 39.76000248401199
83.6000017752849 83.3800021549629 39.76000248401199
81.60000176319734 84.38000216100666 39.76000248401199
82.60000176924112 84.88000216402855 39.76000248401199
33.10000147007432 7.880001698657953 40.26000248703387
33.6000014730962 47.38000193738702 40.26000248703387
76.10000172995659 51.380001961562115 40.26000248703387
75.6000017269347 53.38000197364967 40.26000248703387
76.10000172995659 53.88000197667155 40.26000248703387
75.6000017269347 54.380001979693446 40.26000248703387
76.10000172995659 54.380001979693446 40.26000248703387
75.6000017269347 54.88000198271533 40.26000248703387
76.10000172995659 54.88000198271533 40.26000248703387
76.60000173297848 54.88000198271533 40.26000248703387
77.60000173902225 54.88000198271533 40.26000248703387
75.6000017269347 55.38000198573722 40.26000248703387
76.10000172995659 55.38000198573722 40.26000248703387
76.60000173297848 55.38000198573722 40.26000248703387
77.10000173600037 55.38000198573722 40.26000248703387
78.10000174204414 55.38000198573722 40.26000248703387
76.60000173297848 55.880001988759105 40.26000248703387
77.10000173600037 55.880001988759105 40.26000248703387
77.60000173902225 55.880001988759105 40.26000248703387
76.10000172995659 56.380001991780986 40.26000248703387
76.60000173297848 56.380001991780986 40.26000248703387
94.60000184176641 68.38000206430628 40.26000248703387
79.6000017511098 80.88000213985346 40.26000248703387
79.10000174808792 81.38000214287534 40.26000248703387
79.6000017511098 81.38000214287534 40.26000248703387
81.10000176017546 81.38000214287534 40.26000248703387
79.6000017511098 81.88000214589722 40.26000248703387
82.10000176621924 84.38000216100666 40.26000248703387
82.60000176924112 84.38000216100666 40.26000248703387
80.10000175413168 85.88000217007232 40.26000248703387
75.6000017269347 53.38000197364967 40.76000249005576
75.6000017269347 53.88000197667155 40.76000249005576
76.10000172995659 53.88000197667155 40.76000249005576
75.6000017269347 54.380001979693446 40.76000249005576
75.6000017269347 54.88000198271533 40.76000249005576
76.10000172995659 54.88000198271533 40.76000249005576
76.60000173297848 54.88000198271533 40.76000249005576
77.10000173600037 54.88000198271533 40.76000249005576
76.10000172995659 55.38000198573722 40.76000249005576
76.60000173297848 55.38000198573722 40.76000249005576
77.10000173600037 55.38000198573722 40.76000249005576
78.10000174204414 55.38000198573722 40.76000249005576
76.10000172995659 55.880001988759105 40.76000249005576
76.60000173297848 55.880001988759105 40.76000249005576
77.10000173600037 55.880001988759105 40.76000249005576
80.60000175715358 79.88000213380968 40.76000249005576
81.10000176017546 79.88000213380968 40.76000249005576
81.60000176319734 80.38000213683156 40.76000249005576
81.60000176319734 80.88000213985346 40.76000249005576
79.10000174808792 81.38000214287534 40.76000249005576
79.6000017511098 81.38000214287534 40.76000249005576
80.10000175413168 81.38000214287534 40.76000249005576
80.60000175715358 81.38000214287534 40.76000249005576
79.10000174808792 81.88000214589722 40.76000249005576
79.6000017511098 81.88000214589722 40.76000249005576
78.60000174506602 82.38000214891912 40.76000249005576
81.10000176017546 84.38000216100666 40.76000249005576
75.6000017269347 54.380001979693446 41.26000249307765
76.10000172995659 55.38000198573722 41.26000249307765
76.60000173297848 55.38000198573722 41.26000249307765
76.10000172995659 55.880001988759105 41.26000249307765
76.10000172995659 56.380001991780986 41.26000249307765
93.60000183572264 67.3800020582625 41.26000249307765
93.60000183572264 67.88000206128439 41.26000249307765
81.10000176017546 79.38000213078779 41.26000249307765
80.10000175413168 79.88000213380968 41.26000249307765
80.60000175715358 79.88000213380968 41.26000249307765
81.10000176017546 79.88000213380968 41.26000249307765
81.60000176319734 79.88000213380968 41.26000249307765
80.10000175413168 80.38000213683156 41.26000249307765
80.60000175715358 80.38000213683156 41.26000249307765
81.10000176017546 80.38000213683156 41.26000249307765
81.60000176319734 80.38000213683156 41.26000249307765
82.10000176621924 80.38000213683156 41.26000249307765
79.10000174808792 80.88000213985346 41.26000249307765
79.6000017511098 80.88000213985346 41.26000249307765
80.10000175413168 80.88000213985346 41.26000249307765
81.10000176017546 80.88000213985346 41.26000249307765
81.60000176319734 80.88000213985346 41.26000249307765
78.60000174506602 81.38000214287534 41.26000249307765
79.10000174808792 81.38000214287534 41.26000249307765
79.6000017511098 81.38000214287534 41.26000249307765
80.10000175413168 81.38000214287534 41.26000249307765
81.10000176017546 81.38000214287534 41.26000249307765
78.60000174506602 81.88000214589722 41.26000249307765
79.10000174808792 81.88000214589722 41.26000249307765
79.6000017511098 81.88000214589722 41.26000249307765
80.10000175413168 81.88000214589722 41.26000249307765
78.60000174506602 82.38000214891912 41.26000249307765
79.10000174808792 82.38000214891912 41.26000249307765
79.6000017511098 82.38000214891912 41.26000249307765
80.60000175715358 82.880002151941 41.26000249307765
79.6000017511098 83.3800021549629 41.26000249307765
81.10000176017546 83.88000215798478 41.26000249307765
80.60000175715358 84.38000216100666 41.26000249307765
75.6000017269347 54.380001979693446 41.76000249609954
93.60000183572264 68.38000206430628 41.76000249609954
94.10000183874452 68.38000206430628 41.76000249609954
93.60000183572264 69.38000207035006 41.76000249609954
98.10000186291961 69.88000207337194 41.76000249609954
80.60000175715358 79.88000213380968 41.76000249609954
81.10000176017546 79.88000213380968 41.76000249609954
81.60000176319734 79.88000213380968 41.76000249609954
82.10000176621924 79.88000213380968 41.76000249609954
79.10000174808792 80.38000213683156 41.76000249609954
79.6000017511098 80.38000213683156 41.76000249609954
80.10000175413168 80.38000213683156 41.76000249609954
81.10000176017546 80.38000213683156 41.76000249609954
81.60000176319734 80.38000213683156 41.76000249609954
82.10000176621924 80.38000213683156 41.76000249609954
79.10000174808792 80.88000213985346 41.76000249609954
79.6000017511098 80.88000213985346 41.76000249609954
81.60000176319734 80.88000213985346 41.76000249609954
78.60000174506602 81.38000214287534 41.76000249609954
79.10000174808792 81.38000214287534 41.76000249609954
79.6000017511098 81.38000214287534 41.76000249609954
78.60000174506602 81.88000214589722 41.76000249609954
79.10000174808792 81.88000214589722 41.76000249609954
79.6000017511098 81.88000214589722 41.76000249609954
78.10000174204414 82.38000214891912 41.76000249609954
78.60000174506602 82.38000214891912 41.76000249609954
79.10000174808792 82.38000214891912 41.76000249609954
81.10000176017546 83.3800021549629 41.76000249609954
82.10000176621924 83.3800021549629 41.76000249609954
79.6000017511098 83.88000215798478 41.76000249609954
80.10000175413168 83.88000215798478 41.76000249609954
81.10000176017546 83.88000215798478 41.76000249609954
82.10000176621924 83.88000215798478 41.76000249609954
75.6000017269347 54.88000198271533 42.26000249912142
74.60000172089093 57.38000199782476 42.26000249912142
94.10000183874452 67.3800020582625 42.26000249912142
97.10000185687585 72.88000209150326 42.26000249912142
79.6000017511098 80.38000213683156 42.26000249912142
79.6000017511098 80.88000213985346 42.26000249912142
78.60000174506602 81.38000214287534 42.26000249912142
79.10000174808792 81.38000214287534 42.26000249912142
78.60000174506602 81.88000214589722 42.26000249912142
82.10000176621924 82.38000214891912 42.26000249912142
82.60000176924112 82.38000214891912 42.26000249912142
81.60000176319734 82.880002151941 42.26000249912142
82.60000176924112 82.880002151941 42.26000249912142
81.10000176017546 83.3800021549629 42.26000249912142
81.60000176319734 83.3800021549629 42.26000249912142
82.10000176621924 83.3800021549629 42.26000249912142
82.60000176924112 83.3800021549629 42.26000249912142
81.10000176017546 83.88000215798478 42.26000249912142
81.60000176319734 83.88000215798478 42.26000249912142
81.10000176017546 84.38000216100666 42.26000249912142
76.60000173297848 54.380001979693446 42.76000250214331
74.60000172089093 56.88000199480288 42.76000250214331
75.10000172391281 56.88000199480288 42.76000250214331
76.60000173297848 56.88000199480288 42.76000250214331
74.10000171786905 57.38000199782476 42.76000250214331
74.60000172089093 57.38000199782476 42.76000250214331
96.60000185385395 66.88000205524062 42.76000250214331
96.10000185083207 70.38000207639382 42.76000250214331
78.10000174204414 80.38000213683156 42.76000250214331
78.60000174506602 80.88000213985346 42.76000250214331
79.10000174808792 80.88000213985346 42.76000250214331
78.60000174506602 81.38000214287534 42.76000250214331
79.10000174808792 81.38000214287534 42.76000250214331
82.10000176621924 82.38000214891912 42.76000250214331
83.10000177226301 82.38000214891912 42.76000250214331
79.10000174808792 82.880002151941 42.76000250214331
81.10000176017546 82.880002151941 42.76000250214331
81.60000176319734 82.880002151941 42.76000250214331
82.10000176621924 82.880002151941 42.76000250214331
82.60000176924112 82.880002151941 42.76000250214331
79.10000174808792 83.3800021549629 42.76000250214331
79.6000017511098 83.3800021549629 42.76000250214331
80.10000175413168 83.3800021549629 42.76000250214331
80.60000175715358 83.3800021549629 42.76000250214331
81.10000176017546 83.3800021549629 42.76000250214331
81.60000176319734 83.3800021549629 42.76000250214331
82.10000176621924 83.3800021549629 42.76000250214331
82.60000176924112 83.3800021549629 42.76000250214331
78.60000174506602 83.88000215798478 42.76000250214331
79.6000017511098 83.88000215798478 42.76000250214331
80.10000175413168 83.88000215798478 42.76000250214331
80.60000175715358 83.88000215798478 42.76000250214331
81.10000176017546 83.88000215798478 42.76000250214331
81.60000176319734 83.88000215798478 42.76000250214331
82.10000176621924 83.88000215798478 42.76000250214331
79.6000017511098 84.38000216100666 42.76000250214331
76.60000173297848 54.380001979693446 43.2600025051652
77.10000173600037 54.380001979693446 43.2600025051652
74.10000171786905 54.88000198271533 43.2600025051652
74.60000172089093 55.38000198573722 43.2600025051652
75.10000172391281 55.38000198573722 43.2600025051652
74.60000172089093 55.880001988759105 43.2600025051652
75.10000172391281 55.880001988759105 43.2600025051652
74.60000172089093 56.380001991780986 43.2600025051652
77.10000173600037 56.380001991780986 43.2600025051652
74.60000172089093 56.88000199480288 43.2600025051652
77.10000173600037 56.88000199480288 43.2600025051652
74.10000171786905 57.38000199782476 43.2600025051652
74.60000172089093 57.38000199782476 43.2600025051652
75.10000172391281 57.38000199782476 43.2600025051652
75.6000017269347 57.38000199782476 43.2600025051652
74.60000172089093 57.88000200084666 43.2600025051652
75.10000172391281 57.88000200084666 43.2600025051652
75.6000017269347 57.88000200084666 43.2600025051652
94.10000183874452 65.88000204919685 43.2600025051652
78.10000174204414 80.38000213683156 43.2600025051652
78.60000174506602 80.38000213683156 43.2600025051652
79.10000174808792 80.38000213683156 43.2600025051652
78.10000174204414 80.88000213985346 43.2600025051652
78.60000174506602 80.88000213985346 43.2600025051652
79.10000174808792 80.88000213985346 43.2600025051652
79.6000017511098 80.88000213985346 43.2600025051652
78.60000174506602 81.38000214287534 43.2600025051652
81.10000176017546 82.38000214891912 43.2600025051652
82.10000176621924 82.38000214891912 43.2600025051652
78.10000174204414 82.880002151941 43.2600025051652
78.60000174506602 82.880002151941 43.2600025051652
82.60000176924112 82.880002151941 43.2600025051652
79.10000174808792 83.3800021549629 43.2600025051652
79.6000017511098 83.3800021549629 43.2600025051652
80.10000175413168 83.3800021549629 43.2600025051652
80.60000175715358 83.3800021549629 43.2600025051652
81.60000176319734 83.3800021549629 43.2600025051652
82.10000176621924 83.3800021549629 43.2600025051652
78.60000174506602 83.88000215798478 43.2600025051652
79.10000174808792 83.88000215798478 43.2600025051652
79.6000017511098 83.88000215798478 43.2600025051652
80.10000175413168 83.88000215798478 43.2600025051652
80.60000175715358 83.88000215798478 43.2600025051652
81.10000176017546 83.88000215798478 43.2600025051652
79.6000017511098 84.38000216100666 43.2600025051652
81.10000176017546 84.38000216100666 43.2600025051652
81.60000176319734 84.38000216100666 43.2600025051652
74.10000171786905 54.380001979693446 43.760002508187085
77.10000173600037 54.380001979693446 43.760002508187085
74.10000171786905 54.88000198271533 43.760002508187085
75.10000172391281 54.88000198271533 43.760002508187085
77.60000173902225 54.88000198271533 43.760002508187085
74.10000171786905 55.38000198573722 43.760002508187085
74.60000172089093 55.38000198573722 43.760002508187085
74.60000172089093 56.88000199480288 43.760002508187085
75.10000172391281 56.88000199480288 43.760002508187085
74.10000171786905 57.38000199782476 43.760002508187085
74.60000172089093 57.38000199782476 43.760002508187085
75.10000172391281 57.38000199782476 43.760002508187085
75.6000017269347 57.38000199782476 43.760002508187085
75.10000172391281 57.88000200084666 43.760002508187085
76.10000172995659 57.88000200084666 43.760002508187085
76.60000173297848 57.88000200084666 43.760002508187085
77.10000173600037 57.88000200084666 43.760002508187085
96.60000185385395 67.3800020582625 43.760002508187085
94.10000183874452 67.88000206128439 43.760002508187085
94.10000183874452 68.38000206430628 43.760002508187085
97.60000185989773 69.88000207337194 43.760002508187085
78.60000174506602 79.88000213380968 43.760002508187085
78.10000174204414 80.38000213683156 43.760002508187085
78.60000174506602 80.38000213683156 43.760002508187085
79.10000174808792 80.38000213683156 43.760002508187085
79.6000017511098 80.38000213683156 43.760002508187085
78.10000174204414 80.88000213985346 43.760002508187085
78.60000174506602 80.88000213985346 43.760002508187085
79.10000174808792 80.88000213985346 43.760002508187085
78.60000174506602 81.38000214287534 43.760002508187085
78.60000174506602 81.88000214589722 43.760002508187085
78.10000174204414 82.38000214891912 43.760002508187085
78.10000174204414 82.880002151941 43.760002508187085
79.10000174808792 82.880002151941 43.760002508187085
80.60000175715358 82.880002151941 43.760002508187085
78.60000174506602 83.3800021549629 43.760002508187085
80.10000175413168 83.3800021549629 43.760002508187085
79.6000017511098 83.88000215798478 43.760002508187085
80.60000175715358 83.88000215798478 43.760002508187085
81.10000176017546 84.38000216100666 43.760002508187085
61.60000164232187 84.88000216402855 43.760002508187085
74.10000171786905 54.380001979693446 44.260002511208974
76.60000173297848 54.380001979693446 44.260002511208974
74.60000172089093 54.88000198271533 44.260002511208974
74.10000171786905 55.38000198573722 44.260002511208974
74.60000172089093 55.38000198573722 44.260002511208974
74.60000172089093 55.880001988759105 44.260002511208974
74.60000172089093 56.380001991780986 44.260002511208974
75.10000172391281 56.380001991780986 44.260002511208974
74.60000172089093 56.88000199480288 44.260002511208974
75.6000017269347 56.88000199480288 44.260002511208974
74.10000171786905 57.38000199782476 44.260002511208974
74.60000172089093 57.38000199782476 44.260002511208974
75.10000172391281 57.38000199782476 44.260002511208974
75.6000017269347 57.38000199782476 44.260002511208974
76.10000172995659 57.38000199782476 44.260002511208974
74.60000172089093 57.88000200084666 44.260002511208974
93.60000183572264 66.88000205524062 44.260002511208974
93.10000183270074 67.3800020582625 44.260002511208974
96.10000185083207 67.3800020582625 44.260002511208974
93.10000183270074 67.88000206128439 44.260002511208974
93.60000183572264 67.88000206128439 44.260002511208974
94.10000183874452 68.38000206430628 44.260002511208974
94.60000184176641 68.38000206430628 44.260002511208974
94.10000183874452 68.88000206732816 44.260002511208974
94.60000184176641 69.38000207035006 44.260002511208974
79.6000017511098 79.88000213380968 44.260002511208974
80.60000175715358 79.88000213380968 44.260002511208974
77.60000173902225 80.38000213683156 44.260002511208974
78.10000174204414 80.38000213683156 44.260002511208974
78.60000174506602 80.38000213683156 44.260002511208974
79.10000174808792 80.38000213683156 44.260002511208974
79.6000017511098 80.38000213683156 44.260002511208974
77.60000173902225 80.88000213985346 44.260002511208974
78.10000174204414 80.88000213985346 44.260002511208974
78.60000174506602 80.88000213985346 44.260002511208974
79.10000174808792 80.88000213985346 44.260002511208974
79.6000017511098 80.88000213985346 44.260002511208974
78.60000174506602 81.38000214287534 44.260002511208974
78.10000174204414 82.880002151941 44.260002511208974
78.60000174506602 82.880002151941 44.260002511208974
77.10000173600037 83.3800021549629 44.260002511208974
80.10000175413168 83.3800021549629 44.260002511208974
81.10000176017546 83.88000215798478 44.260002511208974
61.60000164232187 84.88000216402855 44.260002511208974
61.60000164232187 85.38000216705043 44.260002511208974
61.100001639299975 85.88000217007232 44.260002511208974
74.60000172089093 54.88000198271533 44.760002514230855
75.10000172391281 56.88000199480288 44.760002514230855
74.60000172089093 57.38000199782476 44.760002514230855
75.10000172391281 57.88000200084666 44.760002514230855
77.10000173600037 57.88000200084666 44.760002514230855
93.60000183572264 67.88000206128439 44.760002514230855
94.10000183874452 67.88000206128439 44.760002514230855
93.10000183270074 68.38000206430628 44.760002514230855
93.60000183572264 68.38000206430628 44.760002514230855
94.10000183874452 68.38000206430628 44.760002514230855
93.10000183270074 68.88000206732816 44.760002514230855
93.60000183572264 68.88000206732816 44.760002514230855
94.10000183874452 68.88000206732816 44.760002514230855
93.10000183270074 69.38000207035006 44.760002514230855
93.60000183572264 69.38000207035006 44.760002514230855
94.10000183874452 69.38000207035006 44.760002514230855
94.10000183874452 69.88000207337194 44.760002514230855
94.10000183874452 71.3800020824376 44.760002514230855
79.10000174808792 79.88000213380968 44.760002514230855
80.10000175413168 79.88000213380968 44.760002514230855
77.60000173902225 80.38000213683156 44.760002514230855
78.60000174506602 80.38000213683156 44.760002514230855
79.10000174808792 80.38000213683156 44.760002514230855
79.6000017511098 80.38000213683156 44.760002514230855
80.10000175413168 80.38000213683156 44.760002514230855
78.10000174204414 80.88000213985346 44.760002514230855
78.60000174506602 80.88000213985346 44.760002514230855
79.10000174808792 80.88000213985346 44.760002514230855
77.60000173902225 81.38000214287534 44.760002514230855
78.10000174204414 81.38000214287534 44.760002514230855
78.60000174506602 81.38000214287534 44.760002514230855
61.100001639299975 85.88000217007232 44.760002514230855
93.10000183270074 67.88000206128439 45.260002517252744
93.60000183572264 68.38000206430628 45.260002517252744
93.60000183572264 68.88000206732816 45.260002517252744
94.10000183874452 68.88000206732816 45.260002517252744
93.10000183270074 69.38000207035006 45.260002517252744
79.6000017511098 79.38000213078779 45.260002517252744
80.10000175413168 79.38000213078779 45.260002517252744
79.6000017511098 79.88000213380968 45.260002517252744
80.10000175413168 79.88000213380968 45.260002517252744
78.10000174204414 80.38000213683156 45.260002517252744
78.60000174506602 80.38000213683156 45.260002517252744
79.10000174808792 80.38000213683156 45.260002517252744
79.6000017511098 80.38000213683156 45.260002517252744
80.10000175413168 80.38000213683156 45.260002517252744
80.60000175715358 80.38000213683156 45.260002517252744
78.10000174204414 80.88000213985346 45.260002517252744
79.10000174808792 80.88000213985346 45.260002517252744
79.6000017511098 80.88000213985346 45.260002517252744
80.10000175413168 80.88000213985346 45.260002517252744
61.100001639299975 85.38000216705043 45.260002517252744
74.60000172089093 55.38000198573722 45.76000252027463
93.60000183572264 67.88000206128439 45.76000252027463
93.10000183270074 68.88000206732816 45.76000252027463
94.10000183874452 68.88000206732816 45.76000252027463
79.6000017511098 79.38000213078779 45.76000252027463
80.10000175413168 79.38000213078779 45.76000252027463
79.10000174808792 79.88000213380968 45.76000252027463
79.6000017511098 79.88000213380968 45.76000252027463
80.10000175413168 79.88000213380968 45.76000252027463
80.60000175715358 79.88000213380968 45.76000252027463
79.10000174808792 80.38000213683156 45.76000252027463
79.6000017511098 80.38000213683156 45.76000252027463
80.10000175413168 80.38000213683156 45.76000252027463
80.60000175715358 80.38000213683156 45.76000252027463
79.10000174808792 80.88000213985346 45.76000252027463
79.6000017511098 80.88000213985346 45.76000252027463
80.10000175413168 80.88000213985346 45.76000252027463
80.60000175715358 80.88000213985346 45.76000252027463
79.10000174808792 81.38000214287534 45.76000252027463
80.10000175413168 81.38000214287534 45.76000252027463
80.10000175413168 82.880002151941 45.76000252027463
80.60000175715358 82.880002151941 45.76000252027463
80.60000175715358 83.3800021549629 45.76000252027463
74.10000171786905 54.88000198271533 46.26000252329652
74.60000172089093 54.88000198271533 46.26000252329652
74.60000172089093 55.38000198573722 46.26000252329652
90.60000181759132 68.88000206732816 46.26000252329652
95.60000184781018 69.88000207337194 46.26000252329652
79.10000174808792 79.38000213078779 46.26000252329652
79.6000017511098 79.38000213078779 46.26000252329652
80.10000175413168 79.38000213078779 46.26000252329652
79.6000017511098 79.88000213380968 46.26000252329652
80.10000175413168 79.88000213380968 46.26000252329652
80.60000175715358 79.88000213380968 46.26000252329652
79.6000017511098 80.38000213683156 46.26000252329652
80.10000175413168 80.38000213683156 46.26000252329652
80.60000175715358 80.38000213683156 46.26000252329652
81.10000176017546 80.38000213683156 46.26000252329652
80.10000175413168 80.88000213985346 46.26000252329652
80.60000175715358 80.88000213985346 46.26000252329652
78.60000174506602 81.38000214287534 46.26000252329652
79.10000174808792 81.38000214287534 46.26000252329652
79.6000017511098 81.38000214287534 46.26000252329652
80.60000175715358 81.38000214287534 46.26000252329652
80.10000175413168 81.88000214589722 46.26000252329652
80.60000175715358 81.88000214589722 46.26000252329652
81.10000176017546 81.88000214589722 46.26000252329652
80.10000175413168 82.38000214891912 46.26000252329652
80.60000175715358 82.38000214891912 46.26000252329652
81.60000176319734 82.38000214891912 46.26000252329652
80.10000175413168 82.880002151941 46.26000252329652
80.60000175715358 82.880002151941 46.26000252329652
81.10000176017546 82.880002151941 46.26000252329652
80.10000175413168 83.3800021549629 46.26000252329652
74.60000172089093 54.88000198271533 46.7600025263184
90.60000181759132 68.38000206430628 46.7600025263184
91.1000018206132 68.38000206430628 46.7600025263184
91.1000018206132 68.88000206732816 46.7600025263184
91.60000182363508 68.88000206732816 46.7600025263184
91.1000018206132 69.38000207035006 46.7600025263184
91.1000018206132 72.38000208848138 46.7600025263184
80.10000175413168 79.88000213380968 46.7600025263184
79.10000174808792 80.88000213985346 46.7600025263184
80.10000175413168 80.88000213985346 46.7600025263184
78.10000174204414 81.38000214287534 46.7600025263184
79.10000174808792 81.38000214287534 46.7600025263184
81.10000176017546 81.38000214287534 46.7600025263184
78.10000174204414 81.88000214589722 46.7600025263184
79.6000017511098 81.88000214589722 46.7600025263184
80.10000175413168 81.88000214589722 46.7600025263184
80.60000175715358 81.88000214589722 46.7600025263184
81.10000176017546 81.88000214589722 46.7600025263184
78.10000174204414 82.38000214891912 46.7600025263184
79.10000174808792 82.38000214891912 46.7600025263184
80.10000175413168 82.38000214891912 46.7600025263184
80.60000175715358 82.38000214891912 46.7600025263184
79.6000017511098 82.880002151941 46.7600025263184
80.10000175413168 82.880002151941 46.7600025263184
80.60000175715358 82.880002151941 46.7600025263184
62.10000164534375 88.38000218518175 46.7600025263184
74.10000171786905 54.88000198271533 47.26000252934029
74.10000171786905 55.38000198573722 47.26000252934029
75.10000172391281 57.88000200084666 47.26000252934029
95.1000018447883 66.38000205221873 47.26000252934029
94.60000184176641 66.88000205524062 47.26000252934029
90.60000181759132 68.38000206430628 47.26000252934029
91.1000018206132 68.38000206430628 47.26000252934029
90.60000181759132 68.88000206732816 47.26000252934029
91.1000018206132 68.88000206732816 47.26000252934029
94.10000183874452 70.38000207639382 47.26000252934029
77.60000173902225 81.88000214589722 47.26000252934029
78.60000174506602 81.88000214589722 47.26000252934029
80.60000175715358 81.88000214589722 47.26000252934029
80.60000175715358 82.38000214891912 47.26000252934029
60.10000163325621 86.38000217309421 47.26000252934029
74.60000172089093 57.88000200084666 47.76000253236218
74.60000172089093 58.38000200386854 47.76000253236218
76.10000172995659 58.38000200386854 47.76000253236218
74.10000171786905 58.88000200689042 47.76000253236218
94.60000184176641 66.38000205221873 47.76000253236218
90.60000181759132 67.88000206128439 47.76000253236218
90.10000181456942 68.38000206430628 47.76000253236218
90.60000181759132 68.88000206732816 47.76000253236218
93.60000183572264 68.88000206732816 47.76000253236218
97.10000185687585 68.88000206732816 47.76000253236218
93.10000183270074 69.38000207035006 47.76000253236218
93.60000183572264 69.38000207035006 47.76000253236218
93.60000183572264 69.88000207337194 47.76000253236218
93.10000183270074 70.38000207639382 47.76000253236218
77.60000173902225 80.38000213683156 47.76000253236218
77.60000173902225 80.88000213985346 47.76000253236218
78.10000174204414 80.88000213985346 47.76000253236218
77.10000173600037 81.38000214287534 47.76000253236218
77.60000173902225 81.38000214287534 47.76000253236218
78.10000174204414 81.38000214287534 47.76000253236218
77.60000173902225 81.88000214589722 47.76000253236218
78.10000174204414 81.88000214589722 47.76000253236218
60.10000163325621 85.38000216705043 47.76000253236218
76.60000173297848 55.38000198573722 48.26000253538407
73.60000171484715 57.38000199782476 48.26000253538407
74.60000172089093 57.38000199782476 48.26000253538407
73.60000171484715 57.88000200084666 48.26000253538407
74.10000171786905 57.88000200084666 48.26000253538407
74.60000172089093 57.88000200084666 48.26000253538407
73.60000171484715 58.38000200386854 48.26000253538407
74.10000171786905 58.38000200386854 48.26000253538407
74.60000172089093 58.38000200386854 48.26000253538407
75.10000172391281 58.38000200386854 48.26000253538407
74.10000171786905 58.88000200689042 48.26000253538407
94.10000183874452 66.88000205524062 48.26000253538407
93.10000183270074 68.88000206732816 48.26000253538407
93.10000183270074 69.38000207035006 48.26000253538407
93.60000183572264 69.38000207035006 48.26000253538407
93.10000183270074 69.88000207337194 48.26000253538407
93.60000183572264 69.88000207337194 48.26000253538407
92.60000182967886 70.38000207639382 48.26000253538407
93.10000183270074 70.38000207639382 48.26000253538407
93.60000183572264 70.38000207639382 48.26000253538407
77.60000173902225 79.88000213380968 48.26000253538407
76.60000173297848 80.38000213683156 48.26000253538407
77.10000173600037 80.38000213683156 48.26000253538407
77.60000173902225 80.38000213683156 48.26000253538407
78.10000174204414 80.38000213683156 48.26000253538407
76.60000173297848 80.88000213985346 48.26000253538407
77.10000173600037 80.88000213985346 48.26000253538407
77.60000173902225 80.88000213985346 48.26000253538407
78.10000174204414 80.88000213985346 48.26000253538407
78.60000174506602 80.88000213985346 48.26000253538407
77.10000173600037 81.38000214287534 48.26000253538407
77.60000173902225 81.38000214287534 48.26000253538407
78.10000174204414 81.38000214287534 48.26000253538407
77.60000173902225 81.88000214589722 48.26000253538407
59.60000163023432 84.88000216402855 48.26000253538407
59.60000163023432 85.38000216705043 48.26000253538407
60.10000163325621 85.38000216705043 48.26000253538407
60.10000163325621 85.88000217007232 48.26000253538407
60.10000163325621 86.38000217309421 48.26000253538407
60.600001636278094 86.38000217309421 48.26000253538407
74.10000171786905 56.88000199480288 48.76000253840595
73.10000171182527 57.38000199782476 48.76000253840595
73.60000171484715 57.38000199782476 48.76000253840595
74.10000171786905 57.38000199782476 48.76000253840595
74.60000172089093 57.38000199782476 48.76000253840595
73.10000171182527 57.88000200084666 48.76000253840595
73.60000171484715 57.88000200084666 48.76000253840595
74.10000171786905 57.88000200084666 48.76000253840595
74.60000172089093 57.88000200084666 48.76000253840595
75.10000172391281 57.88000200084666 48.76000253840595
73.10000171182527 58.38000200386854 48.76000253840595
73.60000171484715 58.38000200386854 48.76000253840595
74.10000171786905 58.38000200386854 48.76000253840595
74.60000172089093 58.38000200386854 48.76000253840595
75.10000172391281 58.38000200386854 48.76000253840595
74.60000172089093 58.88000200689042 48.76000253840595
94.10000183874452 67.3800020582625 48.76000253840595
92.60000182967886 70.38000207639382 48.76000253840595
77.10000173600037 79.88000213380968 48.76000253840595
77.60000173902225 79.88000213380968 48.76000253840595
76.60000173297848 80.38000213683156 48.76000253840595
77.10000173600037 80.38000213683156 48.76000253840595
77.60000173902225 80.38000213683156 48.76000253840595
78.10000174204414 80.38000213683156 48.76000253840595
76.60000173297848 80.88000213985346 48.76000253840595
77.10000173600037 80.88000213985346 48.76000253840595
77.60000173902225 80.88000213985346 48.76000253840595
78.10000174204414 80.88000213985346 48.76000253840595
77.60000173902225 81.38000214287534 48.76000253840595
78.10000174204414 81.38000214287534 48.76000253840595
60.10000163325621 85.88000217007232 48.76000253840595
60.10000163325621 86.38000217309421 48.76000253840595
60.10000163325621 89.88000219424742 48.76000253840595
75.6000017269347 56.380001991780986 49.26000254142784
76.10000172995659 56.380001991780986 49.26000254142784
73.10000171182527 56.88000199480288 49.26000254142784
74.10000171786905 56.88000199480288 49.26000254142784
73.60000171484715 57.38000199782476 49.26000254142784
74.10000171786905 57.38000199782476 49.26000254142784
74.60000172089093 57.38000199782476 49.26000254142784
73.10000171182527 57.88000200084666 49.26000254142784
73.60000171484715 57.88000200084666 49.26000254142784
74.10000171786905 57.88000200084666 49.26000254142784
74.60000172089093 57.88000200084666 49.26000254142784
73.60000171484715 58.38000200386854 49.26000254142784
74.10000171786905 58.38000200386854 49.26000254142784
74.10000171786905 58.88000200689042 49.26000254142784
94.60000184176641 67.88000206128439 49.26000254142784
77.10000173600037 79.88000213380968 49.26000254142784
77.60000173902225 79.88000213380968 49.26000254142784
76.60000173297848 80.38000213683156 49.26000254142784
77.10000173600037 80.38000213683156 49.26000254142784
77.60000173902225 80.38000213683156 49.26000254142784
78.10000174204414 80.38000213683156 49.26000254142784
76.60000173297848 80.88000213985346 49.26000254142784
77.10000173600037 80.88000213985346 49.26000254142784
77.60000173902225 80.88000213985346 49.26000254142784
78.10000174204414 80.88000213985346 49.26000254142784
78.10000174204414 81.38000214287534 49.26000254142784
60.600001636278094 85.88000217007232 49.26000254142784
60.600001636278094 86.38000217309421 49.26000254142784
73.10000171182527 56.88000199480288 49.760002544449726
73.10000171182527 57.38000199782476 49.760002544449726
73.60000171484715 57.38000199782476 49.760002544449726
74.10000171786905 57.38000199782476 49.760002544449726
73.60000171484715 57.88000200084666 49.760002544449726
74.10000171786905 57.88000200084666 49.760002544449726
73.60000171484715 58.38000200386854 49.760002544449726
76.60000173297848 79.38000213078779 49.760002544449726
77.10000173600037 79.38000213078779 49.760002544449726
76.60000173297848 79.88000213380968 49.760002544449726
77.10000173600037 79.88000213380968 49.760002544449726
77.60000173902225 79.88000213380968 49.760002544449726
77.10000173600037 80.38000213683156 49.760002544449726
77.60000173902225 80.38000213683156 49.760002544449726
77.60000173902225 80.88000213985346 49.760002544449726
78.10000174204414 80.88000213985346 49.760002544449726
59.100001627212436 89.88000219424742 49.760002544449726
73.60000171484715 57.38000199782476 50.260002547471615
74.10000171786905 57.88000200084666 50.260002547471615
76.60000173297848 79.38000213078779 50.260002547471615
76.60000173297848 79.88000213380968 50.260002547471615
77.10000173600037 79.88000213380968 50.260002547471615
76.60000173297848 80.38000213683156 50.260002547471615
77.60000173902225 80.38000213683156 50.260002547471615
77.10000173600037 80.88000213985346 50.260002547471615
73.10000171182527 56.380001991780986 50.760002550493496
73.60000171484715 56.380001991780986 50.760002550493496
73.60000171484715 56.88000199480288 50.760002550493496
75.10000172391281 58.38000200386854 50.760002550493496
76.60000173297848 79.38000213078779 50.760002550493496
77.10000173600037 79.88000213380968 50.760002550493496
62.60000164836565 88.38000218518175 50.760002550493496
74.10000171786905 54.380001979693446 51.260002553515385
74.60000172089093 54.88000198271533 51.260002553515385
73.60000171484715 55.880001988759105 51.260002553515385
73.10000171182527 56.380001991780986 51.260002553515385
73.60000171484715 56.380001991780986 51.260002553515385
74.10000171786905 56.380001991780986 51.260002553515385
73.60000171484715 56.88000199480288 51.260002553515385
59.60000163023432 87.88000218215987 51.260002553515385
60.600001636278094 88.38000218518175 51.260002553515385
59.60000163023432 88.88000218820365 51.260002553515385
62.10000164534375 89.38000219122553 51.260002553515385
74.10000171786905 53.88000197667155 51.76000255653727
74.60000172089093 53.88000197667155 51.76000255653727
74.10000171786905 54.380001979693446 51.76000255653727
74.60000172089093 54.380001979693446 51.76000255653727
75.10000172391281 54.380001979693446 51.76000255653727
73.60000171484715 54.88000198271533 51.76000255653727
74.10000171786905 54.88000198271533 51.76000255653727
74.60000172089093 54.88000198271533 51.76000255653727
74.10000171786905 55.38000198573722 51.76000255653727
74.60000172089093 55.38000198573722 51.76000255653727
73.60000171484715 55.880001988759105 51.76000255653727
74.10000171786905 55.880001988759105 51.76000255653727
74.60000172089093 55.880001988759105 51.76000255653727
73.60000171484715 56.380001991780986 51.76000255653727
74.10000171786905 56.380001991780986 51.76000255653727
77.10000173600037 80.88000213985346 51.76000255653727
77.60000173902225 80.88000213985346 51.76000255653727
59.100001627212436 87.88000218215987 51.76000255653727
60.600001636278094 88.88000218820365 51.76000255653727
71.60000170275961 52.38000196760589 52.26000255955916
74.10000171786905 54.380001979693446 52.26000255955916
74.60000172089093 54.380001979693446 52.26000255955916
73.60000171484715 54.88000198271533 52.26000255955916
74.10000171786905 54.88000198271533 52.26000255955916
74.60000172089093 54.88000198271533 52.26000255955916
73.60000171484715 55.38000198573722 52.26000255955916
74.10000171786905 55.38000198573722 52.26000255955916
74.60000172089093 55.38000198573722 52.26000255955916
73.60000171484715 55.880001988759105 52.26000255955916
74.10000171786905 55.880001988759105 52.26000255955916
74.10000171786905 56.380001991780986 52.26000255955916
77.60000173902225 79.88000213380968 52.26000255955916
77.10000173600037 80.38000213683156 52.26000255955916
76.60000173297848 80.88000213985346 52.26000255955916
77.10000173600037 80.88000213985346 52.26000255955916
77.60000173902225 80.88000213985346 52.26000255955916
76.60000173297848 81.38000214287534 52.26000255955916
60.10000163325621 88.38000218518175 52.26000255955916
60.10000163325621 88.88000218820365 52.26000255955916
63.60000165440941 90.3800021972693 52.26000255955916
73.60000171484715 50.880001958540234 52.76000256258105
72.1000017057815 51.380001961562115 52.76000256258105
73.10000171182527 51.380001961562115 52.76000256258105
71.60000170275961 51.88000196458401 52.76000256258105
72.1000017057815 51.88000196458401 52.76000256258105
73.10000171182527 51.88000196458401 52.76000256258105
74.10000171786905 51.88000196458401 52.76000256258105
70.60000169671584 52.38000196760589 52.76000256258105
71.10000169973772 52.38000196760589 52.76000256258105
71.60000170275961 52.38000196760589 52.76000256258105
72.1000017057815 52.38000196760589 52.76000256258105
73.10000171182527 52.38000196760589 52.76000256258105
71.10000169973772 52.88000197062779 52.76000256258105
71.60000170275961 52.88000197062779 52.76000256258105
74.10000171786905 55.38000198573722 52.76000256258105
74.60000172089093 55.38000198573722 52.76000256258105
74.10000171786905 56.380001991780986 52.76000256258105
74.10000171786905 56.88000199480288 52.76000256258105
78.10000174204414 79.88000213380968 52.76000256258105
77.10000173600037 80.38000213683156 52.76000256258105
77.60000173902225 80.38000213683156 52.76000256258105
78.10000174204414 80.38000213683156 52.76000256258105
78.60000174506602 80.38000213683156 52.76000256258105
76.60000173297848 80.88000213985346 52.76000256258105
77.10000173600037 80.88000213985346 52.76000256258105
77.60000173902225 80.88000213985346 52.76000256258105
78.10000174204414 80.88000213985346 52.76000256258105
78.60000174506602 80.88000213985346 52.76000256258105
78.10000174204414 81.38000214287534 52.76000256258105
63.60000165440941 91.38000220331308 52.76000256258105
72.60000170880338 50.38000195551835 53.26000256560293
72.60000170880338 50.880001958540234 53.26000256560293
73.10000171182527 50.880001958540234 53.26000256560293
73.60000171484715 50.880001958540234 53.26000256560293
74.10000171786905 50.880001958540234 53.26000256560293
73.10000171182527 51.380001961562115 53.26000256560293
73.60000171484715 51.380001961562115 53.26000256560293
74.10000171786905 51.380001961562115 53.26000256560293
74.60000172089093 51.380001961562115 53.26000256560293
71.10000169973772 51.88000196458401 53.26000256560293
71.60000170275961 51.88000196458401 53.26000256560293
72.1000017057815 51.88000196458401 53.26000256560293
72.60000170880338 51.88000196458401 53.26000256560293
73.10000171182527 51.88000196458401 53.26000256560293
73.60000171484715 51.88000196458401 53.26000256560293
74.10000171786905 51.88000196458401 53.26000256560293
74.60000172089093 51.88000196458401 53.26000256560293
70.60000169671584 52.38000196760589 53.26000256560293
71.10000169973772 52.38000196760589 53.26000256560293
71.60000170275961 52.38000196760589 53.26000256560293
72.1000017057815 52.38000196760589 53.26000256560293
74.60000172089093 52.38000196760589 53.26000256560293
70.60000169671584 52.88000197062779 53.26000256560293
71.10000169973772 52.88000197062779 53.26000256560293
71.60000170275961 52.88000197062779 53.26000256560293
71.10000169973772 53.38000197364967 53.26000256560293
77.60000173902225 80.38000213683156 53.26000256560293
78.10000174204414 80.38000213683156 53.26000256560293
77.10000173600037 80.88000213985346 53.26000256560293
77.60000173902225 80.88000213985346 53.26000256560293
78.60000174506602 80.88000213985346 53.26000256560293
60.10000163325621 88.38000218518175 53.26000256560293
60.600001636278094 91.38000220331308 53.26000256560293
73.10000171182527 51.380001961562115 53.76000256862482
73.60000171484715 51.380001961562115 53.76000256862482
74.10000171786905 51.380001961562115 53.76000256862482
74.60000172089093 51.380001961562115 53.76000256862482
72.60000170880338 51.88000196458401 53.76000256862482
73.10000171182527 51.88000196458401 53.76000256862482
73.60000171484715 51.88000196458401 53.76000256862482
71.10000169973772 52.38000196760589 53.76000256862482
71.60000170275961 52.38000196760589 53.76000256862482
73.60000171484715 52.38000196760589 53.76000256862482
74.60000172089093 52.38000196760589 53.76000256862482
78.10000174204414 80.88000213985346 53.76000256862482
71.60000170275961 86.8800021761161 53.76000256862482
72.1000017057815 86.8800021761161 53.76000256862482
74.10000171786905 51.88000196458401 54.26000257164671
72.1000017057815 52.88000197062779 54.7600025746686
67.10000167556262 49.88000195249646 55.26000257769048
73.10000171182527 52.38000196760589 55.26000257769048
74.10000171786905 52.38000196760589 55.26000257769048
73.60000171484715 52.88000197062779 55.26000257769048
74.10000171786905 52.88000197062779 55.26000257769048
73.60000171484715 53.38000197364967 55.26000257769048
72.60000170880338 57.38000199782476 55.26000257769048
85.10000178435055 78.38000212474402 55.26000257769048
67.10000167556262 49.88000195249646 55.76000258071237
67.60000167858452 49.88000195249646 55.76000258071237
69.60000169067206 49.88000195249646 55.76000258071237
69.60000169067206 50.38000195551835 55.76000258071237
70.60000169671584 50.38000195551835 55.76000258071237
69.10000168765018 50.880001958540234 55.76000258071237
69.60000169067206 50.880001958540234 55.76000258071237
70.10000169369394 50.880001958540234 55.76000258071237
73.60000171484715 52.38000196760589 55.76000258071237
72.60000170880338 52.88000197062779 55.76000258071237
73.10000171182527 52.88000197062779 55.76000258071237
73.60000171484715 52.88000197062779 55.76000258071237
74.10000171786905 52.88000197062779 55.76000258071237
73.10000171182527 53.38000197364967 55.76000258071237
73.60000171484715 53.38000197364967 55.76000258071237
72.1000017057815 57.88000200084666 55.76000258071237
72.60000170880338 57.88000200084666 55.76000258071237
73.60000171484715 85.38000216705043 55.76000258071237
73.10000171182527 49.380001949474575 56.260002583734256
67.10000167556262 49.88000195249646 56.260002583734256
69.60000169067206 49.88000195249646 56.260002583734256
70.10000169369394 49.88000195249646 56.260002583734256
66.60000167254074 50.38000195551835 56.260002583734256
68.60000168462828 50.38000195551835 56.260002583734256
69.10000168765018 50.38000195551835 56.260002583734256
69.60000169067206 50.38000195551835 56.260002583734256
70.10000169369394 50.38000195551835 56.260002583734256
68.60000168462828 50.880001958540234 56.260002583734256
69.10000168765018 50.880001958540234 56.260002583734256
69.60000169067206 50.880001958540234 56.260002583734256
70.10000169369394 50.880001958540234 56.260002583734256
70.60000169671584 50.880001958540234 56.260002583734256
73.60000171484715 52.38000196760589 56.260002583734256
72.60000170880338 52.88000197062779 56.260002583734256
73.10000171182527 52.88000197062779 56.260002583734256
73.60000171484715 52.88000197062779 56.260002583734256
74.10000171786905 52.88000197062779 56.260002583734256
74.60000172089093 52.88000197062779 56.260002583734256
72.60000170880338 53.38000197364967 56.260002583734256
73.10000171182527 53.38000197364967 56.260002583734256
73.60000171484715 53.38000197364967 56.260002583734256
72.1000017057815 57.38000199782476 56.260002583734256
72.60000170880338 57.38000199782476 56.260002583734256
74.60000172089093 85.38000216705043 56.260002583734256
74.10000171786905 85.88000217007232 56.260002583734256
74.60000172089093 85.88000217007232 56.260002583734256
68.60000168462828 49.88000195249646 56.760002586756144
69.10000168765018 49.88000195249646 56.760002586756144
69.60000169067206 49.88000195249646 56.760002586756144
70.10000169369394 49.88000195249646 56.760002586756144
67.60000167858452 50.38000195551835 56.760002586756144
68.1000016816064 50.38000195551835 56.760002586756144
68.60000168462828 50.38000195551835 56.760002586756144
69.10000168765018 50.38000195551835 56.760002586756144
69.60000169067206 50.38000195551835 56.760002586756144
70.10000169369394 50.38000195551835 56.760002586756144
70.60000169671584 50.38000195551835 56.760002586756144
69.10000168765018 50.880001958540234 56.760002586756144
69.60000169067206 50.880001958540234 56.760002586756144
70.10000169369394 50.880001958540234 56.760002586756144
70.60000169671584 50.880001958540234 56.760002586756144
69.60000169067206 51.380001961562115 56.760002586756144
72.1000017057815 84.38000216100666 56.760002586756144
73.60000171484715 86.38000217309421 56.760002586756144
74.10000171786905 86.38000217309421 56.760002586756144
75.6000017269347 86.38000217309421 56.760002586756144
74.10000171786905 87.38000217913799 56.760002586756144
73.60000171484715 94.88000222446628 56.760002586756144
74.60000172089093 48.880001946452694 57.26000258977803
70.10000169369394 49.380001949474575 57.26000258977803
71.60000170275961 49.380001949474575 57.26000258977803
72.1000017057815 49.380001949474575 57.26000258977803
73.10000171182527 49.380001949474575 57.26000258977803
73.60000171484715 49.380001949474575 57.26000258977803
69.60000169067206 49.88000195249646 57.26000258977803
71.10000169973772 49.88000195249646 57.26000258977803
71.60000170275961 49.88000195249646 57.26000258977803
72.1000017057815 49.88000195249646 57.26000258977803
72.60000170880338 49.88000195249646 57.26000258977803
73.10000171182527 49.88000195249646 57.26000258977803
69.60000169067206 50.38000195551835 57.26000258977803
70.60000169671584 50.38000195551835 57.26000258977803
69.10000168765018 50.880001958540234 57.26000258977803
69.60000169067206 50.880001958540234 57.26000258977803
70.10000169369394 50.880001958540234 57.26000258977803
67.60000167858452 51.380001961562115 57.26000258977803
70.60000169671584 51.380001961562115 57.26000258977803
48.10000156073092 61.88000202502175 57.26000258977803
73.10000171182527 86.8800021761161 57.26000258977803
73.60000171484715 86.8800021761161 57.26000258977803
72.60000170880338 87.38000217913799 57.26000258977803
73.10000171182527 87.38000217913799 57.26000258977803
73.60000171484715 87.38000217913799 57.26000258977803
73.10000171182527 87.88000218215987 57.26000258977803
74.10000171786905 88.38000218518175 57.26000258977803
68.1000016816064 48.3800019434308 57.760002592799914
70.60000169671584 49.380001949474575 57.760002592799914
71.10000169973772 49.380001949474575 57.760002592799914
72.1000017057815 49.380001949474575 57.760002592799914
72.60000170880338 49.380001949474575 57.760002592799914
73.10000171182527 49.380001949474575 57.760002592799914
71.10000169973772 49.88000195249646 57.760002592799914
71.60000170275961 49.88000195249646 57.760002592799914
72.1000017057815 49.88000195249646 57.760002592799914
72.60000170880338 49.88000195249646 57.760002592799914
73.10000171182527 49.88000195249646 57.760002592799914
73.60000171484715 49.88000195249646 57.760002592799914
69.60000169067206 50.38000195551835 57.760002592799914
71.60000170275961 50.38000195551835 57.760002592799914
70.60000169671584 50.880001958540234 57.760002592799914
85.10000178435055 78.38000212474402 57.760002592799914
73.10000171182527 86.8800021761161 57.760002592799914
73.60000171484715 86.8800021761161 57.760002592799914
74.10000171786905 86.8800021761161 57.760002592799914
73.10000171182527 87.38000217913799 57.760002592799914
73.60000171484715 87.38000217913799 57.760002592799914
73.10000171182527 87.88000218215987 57.760002592799914
73.60000171484715 87.88000218215987 57.760002592799914
74.10000171786905 87.88000218215987 57.760002592799914
72.60000170880338 88.38000218518175 57.760002592799914
73.60000171484715 88.38000218518175 57.760002592799914
69.60000169067206 48.880001946452694 58.2600025958218
72.1000017057815 49.88000195249646 58.2600025958218
72.60000170880338 49.88000195249646 58.2600025958218
71.60000170275961 50.38000195551835 58.2600025958218
72.1000017057815 50.38000195551835 58.2600025958218
68.1000016816064 51.380001961562115 58.2600025958218
71.10000169973772 51.380001961562115 58.2600025958218
72.1000017057815 51.380001961562115 58.2600025958218
72.60000170880338 51.380001961562115 58.2600025958218
71.10000169973772 51.88000196458401 58.2600025958218
71.60000170275961 51.88000196458401 58.2600025958218
72.1000017057815 51.88000196458401 58.2600025958218
72.60000170880338 51.88000196458401 58.2600025958218
71.10000169973772 52.38000196760589 58.2600025958218
71.60000170275961 52.38000196760589 58.2600025958218
85.60000178737245 78.38000212474402 58.2600025958218
73.60000171484715 86.8800021761161 58.2600025958218
73.60000171484715 87.38000217913799 58.2600025958218
74.10000171786905 87.38000217913799 58.2600025958218
73.10000171182527 87.88000218215987 58.2600025958218
73.60000171484715 87.88000218215987 58.2600025958218
74.60000172089093 87.88000218215987 58.2600025958218
72.60000170880338 88.38000218518175 58.2600025958218
73.10000171182527 88.38000218518175 58.2600025958218
73.60000171484715 88.38000218518175 58.2600025958218
72.60000170880338 88.88000218820365 58.2600025958218
73.10000171182527 88.88000218820365 58.2600025958218
74.60000172089093 93.38000221540062 58.2600025958218
68.1000016816064 48.880001946452694 58.76000259884369
67.10000167556262 51.380001961562115 58.76000259884369
71.10000169973772 51.88000196458401 58.76000259884369
72.1000017057815 51.88000196458401 58.76000259884369
72.60000170880338 51.88000196458401 58.76000259884369
71.10000169973772 52.38000196760589 58.76000259884369
71.60000170275961 52.38000196760589 58.76000259884369
72.1000017057815 52.38000196760589 58.76000259884369
85.60000178737245 76.38000211265647 58.76000259884369
83.6000017752849 79.88000213380968 58.76000259884369
74.10000171786905 87.38000217913799 58.76000259884369
72.1000017057815 94.88000222446628 58.76000259884369
73.60000171484715 95.38000222748818 58.76000259884369
66.60000167254074 49.380001949474575 59.26000260186558
66.10000166951885 50.38000195551835 59.26000260186558
84.10000177830678 77.88000212172213 59.26000260186558
82.60000176924112 79.38000213078779 59.26000260186558
83.6000017752849 79.38000213078779 59.26000260186558
83.10000177226301 79.88000213380968 59.26000260186558
83.6000017752849 79.88000213380968 59.26000260186558
82.60000176924112 80.38000213683156 59.26000260186558
83.10000177226301 80.38000213683156 59.26000260186558
83.6000017752849 80.38000213683156 59.26000260186558
84.10000177830678 80.38000213683156 59.26000260186558
83.10000177226301 80.88000213985346 59.26000260186558
75.10000172391281 87.88000218215987 59.26000260186558
84.60000178132867 89.38000219122553 59.26000260186558
73.60000171484715 93.38000221540062 59.26000260186558
74.10000171786905 93.38000221540062 59.26000260186558
68.60000168462828 48.3800019434308 59.76000260488747
70.10000169369394 49.88000195249646 59.76000260488747
65.60000166649696 50.38000195551835 59.76000260488747
67.60000167858452 50.880001958540234 59.76000260488747
83.6000017752849 77.38000211870025 59.76000260488747
84.10000177830678 78.38000212474402 59.76000260488747
82.60000176924112 78.8800021277659 59.76000260488747
82.10000176621924 79.88000213380968 59.76000260488747
82.60000176924112 80.38000213683156 59.76000260488747
82.60000176924112 80.88000213985346 59.76000260488747
73.10000171182527 85.88000217007232 59.76000260488747
73.60000171484715 86.38000217309421 59.76000260488747
75.6000017269347 86.8800021761161 59.76000260488747
74.60000172089093 87.88000218215987 59.76000260488747
75.10000172391281 87.88000218215987 59.76000260488747
75.6000017269347 87.88000218215987 59.76000260488747
76.60000173297848 87.88000218215987 59.76000260488747
72.1000017057815 93.88000221842252 59.76000260488747
67.60000167858452 49.88000195249646 60.26000260790935
69.60000169067206 49.88000195249646 60.26000260790935
70.10000169369394 49.88000195249646 60.26000260790935
70.60000169671584 49.88000195249646 60.26000260790935
71.10000169973772 49.88000195249646 60.26000260790935
66.10000166951885 50.38000195551835 60.26000260790935
70.60000169671584 50.38000195551835 60.26000260790935
67.10000167556262 50.880001958540234 60.26000260790935
68.60000168462828 51.380001961562115 60.26000260790935
84.10000177830678 76.38000211265647 60.26000260790935
82.10000176621924 78.8800021277659 60.26000260790935
82.60000176924112 80.38000213683156 60.26000260790935
72.60000170880338 84.88000216402855 60.26000260790935
73.10000171182527 85.88000217007232 60.26000260790935
75.6000017269347 85.88000217007232 60.26000260790935
73.10000171182527 86.38000217309421 60.26000260790935
73.60000171484715 86.38000217309421 60.26000260790935
74.60000172089093 86.38000217309421 60.26000260790935
75.10000172391281 86.38000217309421 60.26000260790935
75.6000017269347 86.38000217309421 60.26000260790935
73.10000171182527 86.8800021761161 60.26000260790935
75.10000172391281 86.8800021761161 60.26000260790935
75.6000017269347 86.8800021761161 60.26000260790935
73.60000171484715 87.38000217913799 60.26000260790935
74.60000172089093 87.38000217913799 60.26000260790935
75.10000172391281 87.38000217913799 60.26000260790935
75.6000017269347 87.38000217913799 60.26000260790935
74.60000172089093 87.88000218215987 60.26000260790935
75.10000172391281 87.88000218215987 60.26000260790935
75.6000017269347 87.88000218215987 60.26000260790935
75.6000017269347 88.38000218518175 60.26000260790935
67.60000167858452 48.3800019434308 60.76000261093124
70.10000169369394 49.380001949474575 60.76000261093124
71.10000169973772 49.380001949474575 60.76000261093124
69.60000169067206 49.88000195249646 60.76000261093124
70.60000169671584 49.88000195249646 60.76000261093124
71.10000169973772 49.88000195249646 60.76000261093124
70.60000169671584 50.38000195551835 60.76000261093124
69.10000168765018 50.880001958540234 60.76000261093124
68.60000168462828 51.380001961562115 60.76000261093124
37.10000149424941 66.38000205221873 60.76000261093124
83.10000177226301 76.38000211265647 60.76000261093124
83.6000017752849 76.38000211265647 60.76000261093124
82.60000176924112 76.88000211567835 60.76000261093124
83.10000177226301 76.88000211567835 60.76000261093124
83.6000017752849 76.88000211567835 60.76000261093124
84.10000177830678 76.88000211567835 60.76000261093124
83.10000177226301 77.38000211870025 60.76000261093124
81.10000176017546 77.88000212172213 60.76000261093124
84.60000178132867 77.88000212172213 60.76000261093124
85.10000178435055 77.88000212172213 60.76000261093124
81.60000176319734 78.38000212474402 60.76000261093124
84.10000177830678 78.38000212474402 60.76000261093124
85.10000178435055 78.38000212474402 60.76000261093124
85.10000178435055 78.8800021277659 60.76000261093124
72.1000017057815 84.38000216100666 60.76000261093124
72.60000170880338 84.38000216100666 60.76000261093124
73.10000171182527 84.38000216100666 60.76000261093124
72.60000170880338 84.88000216402855 60.76000261093124
73.10000171182527 84.88000216402855 60.76000261093124
72.60000170880338 85.38000216705043 60.76000261093124
73.10000171182527 85.38000216705043 60.76000261093124
73.60000171484715 85.38000216705043 60.76000261093124
95.1000018447883 85.38000216705043 60.76000261093124
72.60000170880338 85.88000217007232 60.76000261093124
73.10000171182527 85.88000217007232 60.76000261093124
73.60000171484715 85.88000217007232 60.76000261093124
74.60000172089093 86.38000217309421 60.76000261093124
75.10000172391281 86.38000217309421 60.76000261093124
75.6000017269347 86.38000217309421 60.76000261093124
76.10000172995659 86.38000217309421 60.76000261093124
75.10000172391281 86.8800021761161 60.76000261093124
75.6000017269347 86.8800021761161 60.76000261093124
72.60000170880338 87.38000217913799 60.76000261093124
75.6000017269347 87.38000217913799 60.76000261093124
72.60000170880338 87.88000218215987 60.76000261093124
74.60000172089093 87.88000218215987 60.76000261093124
75.10000172391281 87.88000218215987 60.76000261093124
75.6000017269347 87.88000218215987 60.76000261093124
72.60000170880338 88.38000218518175 60.76000261093124
74.60000172089093 88.38000218518175 60.76000261093124
75.10000172391281 88.38000218518175 60.76000261093124
75.6000017269347 88.38000218518175 60.76000261093124
75.10000172391281 88.88000218820365 60.76000261093124
82.60000176924112 88.88000218820365 60.76000261093124
67.10000167556262 48.3800019434308 61.26000261395313
70.10000169369394 49.88000195249646 61.26000261395313
83.10000177226301 75.88000210963459 61.26000261395313
83.10000177226301 76.38000211265647 61.26000261395313
82.10000176621924 76.88000211567835 61.26000261395313
82.60000176924112 76.88000211567835 61.26000261395313
83.10000177226301 76.88000211567835 61.26000261395313
83.6000017752849 76.88000211567835 61.26000261395313
86.10000179039433 76.88000211567835 61.26000261395313
82.10000176621924 77.38000211870025 61.26000261395313
82.60000176924112 77.38000211870025 61.26000261395313
83.10000177226301 77.38000211870025 61.26000261395313
85.10000178435055 77.38000211870025 61.26000261395313
81.60000176319734 77.88000212172213 61.26000261395313
82.10000176621924 77.88000212172213 61.26000261395313
83.10000177226301 77.88000212172213 61.26000261395313
84.10000177830678 77.88000212172213 61.26000261395313
85.10000178435055 77.88000212172213 61.26000261395313
85.60000178737245 77.88000212172213 61.26000261395313
84.60000178132867 78.38000212474402 61.26000261395313
85.10000178435055 78.38000212474402 61.26000261395313
85.10000178435055 78.8800021277659 61.26000261395313
84.60000178132867 79.88000213380968 61.26000261395313
72.60000170880338 84.38000216100666 61.26000261395313
72.1000017057815 84.88000216402855 61.26000261395313
72.60000170880338 84.88000216402855 61.26000261395313
73.10000171182527 84.88000216402855 61.26000261395313
73.60000171484715 84.88000216402855 61.26000261395313
72.60000170880338 85.38000216705043 61.26000261395313
72.60000170880338 85.88000217007232 61.26000261395313
73.10000171182527 85.88000217007232 61.26000261395313
73.60000171484715 85.88000217007232 61.26000261395313
72.60000170880338 86.38000217309421 61.26000261395313
73.10000171182527 86.8800021761161 61.26000261395313
75.10000172391281 86.8800021761161 61.26000261395313
75.6000017269347 86.8800021761161 61.26000261395313
74.10000171786905 87.38000217913799 61.26000261395313
75.10000172391281 87.38000217913799 61.26000261395313
75.6000017269347 87.38000217913799 61.26000261395313
76.10000172995659 87.38000217913799 61.26000261395313
72.1000017057815 87.88000218215987 61.26000261395313
73.10000171182527 87.88000218215987 61.26000261395313
73.60000171484715 87.88000218215987 61.26000261395313
75.10000172391281 87.88000218215987 61.26000261395313
75.6000017269347 87.88000218215987 61.26000261395313
74.60000172089093 88.88000218820365 61.26000261395313
75.10000172391281 89.38000219122553 61.26000261395313
84.60000178132867 74.38000210056892 61.760002616975015
84.10000177830678 74.88000210359081 61.760002616975015
83.10000177226301 75.88000210963459 61.760002616975015
82.60000176924112 76.38000211265647 61.760002616975015
83.10000177226301 76.38000211265647 61.760002616975015
83.6000017752849 76.38000211265647 61.760002616975015
82.10000176621924 76.88000211567835 61.760002616975015
82.60000176924112 76.88000211567835 61.760002616975015
83.10000177226301 76.88000211567835 61.760002616975015
83.6000017752849 76.88000211567835 61.760002616975015
81.60000176319734 77.38000211870025 61.760002616975015
82.10000176621924 77.38000211870025 61.760002616975015
82.60000176924112 77.38000211870025 61.760002616975015
83.10000177226301 77.38000211870025 61.760002616975015
83.6000017752849 77.38000211870025 61.760002616975015
85.60000178737245 77.38000211870025 61.760002616975015
86.10000179039433 77.38000211870025 61.760002616975015
81.60000176319734 77.88000212172213 61.760002616975015
82.60000176924112 77.88000212172213 61.760002616975015
83.6000017752849 77.88000212172213 61.760002616975015
84.60000178132867 77.88000212172213 61.760002616975015
85.10000178435055 77.88000212172213 61.760002616975015
85.60000178737245 78.38000212474402 61.760002616975015
85.60000178737245 78.8800021277659 61.760002616975015
84.60000178132867 79.38000213078779 61.760002616975015
72.60000170880338 84.88000216402855 61.760002616975015
73.60000171484715 84.88000216402855 61.760002616975015
72.60000170880338 85.38000216705043 61.760002616975015
73.10000171182527 85.38000216705043 61.760002616975015
73.10000171182527 85.88000217007232 61.760002616975015
75.10000172391281 88.38000218518175 61.760002616975015
66.10000166951885 50.38000195551835 62.2600026199969
84.60000178132867 75.3800021066127 62.2600026199969
83.10000177226301 75.88000210963459 62.2600026199969
84.10000177830678 75.88000210963459 62.2600026199969
82.60000176924112 76.38000211265647 62.2600026199969
83.10000177226301 76.38000211265647 62.2600026199969
82.10000176621924 76.88000211567835 62.2600026199969
82.60000176924112 76.88000211567835 62.2600026199969
83.10000177226301 76.88000211567835 62.2600026199969
82.60000176924112 77.38000211870025 62.2600026199969
83.10000177226301 77.38000211870025 62.2600026199969
83.6000017752849 77.38000211870025 62.2600026199969
86.10000179039433 77.38000211870025 62.2600026199969
83.10000177226301 77.88000212172213 62.2600026199969
85.10000178435055 77.88000212172213 62.2600026199969
85.10000178435055 78.38000212474402 62.2600026199969
73.10000171182527 85.88000217007232 62.2600026199969
75.10000172391281 88.88000218820365 62.2600026199969
83.6000017752849 75.88000210963459 62.760002623018785
83.10000177226301 76.38000211265647 62.760002623018785
82.10000176621924 76.88000211567835 62.760002623018785
83.10000177226301 76.88000211567835 62.760002623018785
83.6000017752849 76.88000211567835 62.760002623018785
85.60000178737245 77.38000211870025 62.760002623018785
85.10000178435055 77.88000212172213 62.760002623018785
86.10000179039433 77.88000212172213 62.760002623018785
85.60000178737245 78.38000212474402 62.760002623018785
85.10000178435055 78.8800021277659 62.760002623018785
85.60000178737245 78.8800021277659 62.760002623018785
84.60000178132867 79.38000213078779 62.760002623018785
82.60000176924112 79.88000213380968 62.760002623018785
94.60000184176641 81.88000214589722 62.760002623018785
74.10000171786905 88.88000218820365 62.760002623018785
73.60000171484715 89.38000219122553 62.760002623018785
66.10000166951885 48.3800019434308 63.260002626040674
66.10000166951885 50.38000195551835 63.260002626040674
67.10000167556262 50.38000195551835 63.260002626040674
66.10000166951885 50.880001958540234 63.260002626040674
83.6000017752849 75.88000210963459 63.260002626040674
84.10000177830678 75.88000210963459 63.260002626040674
85.60000178737245 77.38000211870025 63.260002626040674
84.60000178132867 78.38000212474402 63.260002626040674
85.10000178435055 78.38000212474402 63.260002626040674
86.10000179039433 78.38000212474402 63.260002626040674
84.10000177830678 78.8800021277659 63.260002626040674
85.10000178435055 78.8800021277659 63.260002626040674
85.60000178737245 78.8800021277659 63.260002626040674
83.6000017752849 79.38000213078779 63.260002626040674
84.10000177830678 79.38000213078779 63.260002626040674
84.60000178132867 79.38000213078779 63.260002626040674
83.6000017752849 79.88000213380968 63.260002626040674
85.60000178737245 79.88000213380968 63.260002626040674
94.60000184176641 83.3800021549629 63.260002626040674
83.10000177226301 90.3800021972693 63.260002626040674
66.10000166951885 50.38000195551835 63.76000262906256
67.10000167556262 50.38000195551835 63.76000262906256
83.6000017752849 76.88000211567835 63.76000262906256
85.10000178435055 76.88000211567835 63.76000262906256
84.10000177830678 77.38000211870025 63.76000262906256
85.60000178737245 77.38000211870025 63.76000262906256
85.10000178435055 77.88000212172213 63.76000262906256
84.10000177830678 78.38000212474402 63.76000262906256
85.10000178435055 78.38000212474402 63.76000262906256
84.10000177830678 78.8800021277659 63.76000262906256
84.60000178132867 78.8800021277659 63.76000262906256
85.10000178435055 78.8800021277659 63.76000262906256
85.60000178737245 78.8800021277659 63.76000262906256
83.6000017752849 79.38000213078779 63.76000262906256
84.10000177830678 79.38000213078779 63.76000262906256
84.60000178132867 79.38000213078779 63.76000262906256
85.10000178435055 79.38000213078779 63.76000262906256
83.10000177226301 79.88000213380968 63.76000262906256
73.60000171484715 86.38000217309421 63.76000262906256
73.60000171484715 86.8800021761161 63.76000262906256
83.6000017752849 86.8800021761161 63.76000262906256
73.60000171484715 87.88000218215987 63.76000262906256
73.60000171484715 93.88000221842252 63.76000262906256
66.10000166951885 50.38000195551835 64.26000263208445
66.60000167254074 50.38000195551835 64.26000263208445
67.10000167556262 50.38000195551835 64.26000263208445
67.10000167556262 50.880001958540234 64.26000263208445
83.6000017752849 74.88000210359081 64.26000263208445
84.60000178132867 74.88000210359081 64.26000263208445
84.10000177830678 75.3800021066127 64.26000263208445
83.6000017752849 76.38000211265647 64.26000263208445
86.10000179039433 77.88000212172213 64.26000263208445
84.60000178132867 78.8800021277659 64.26000263208445
84.10000177830678 79.38000213078779 64.26000263208445
73.60000171484715 86.38000217309421 64.26000263208445
74.10000171786905 86.38000217309421 64.26000263208445
73.60000171484715 86.8800021761161 64.26000263208445
84.10000177830678 74.38000210056892 64.76000263510633
83.10000177226301 74.88000210359081 64.76000263510633
83.6000017752849 74.88000210359081 64.76000263510633
83.6000017752849 75.3800021066127 64.76000263510633
83.10000177226301 75.88000210963459 64.76000263510633
83.6000017752849 75.88000210963459 64.76000263510633
83.10000177226301 76.38000211265647 64.76000263510633
83.6000017752849 76.38000211265647 64.76000263510633
86.60000179341621 76.38000211265647 64.76000263510633
86.60000179341621 76.88000211567835 64.76000263510633
73.60000171484715 86.38000217309421 64.76000263510633
74.10000171786905 86.38000217309421 64.76000263510633
74.10000171786905 87.38000217913799 64.76000263510633
84.10000177830678 88.38000218518175 64.76000263510633
73.60000171484715 89.38000219122553 64.76000263510633
83.6000017752849 74.38000210056892 65.26000263812823
83.6000017752849 74.88000210359081 65.26000263812823
84.10000177830678 74.88000210359081 65.26000263812823
82.60000176924112 75.3800021066127 65.26000263812823
83.10000177226301 75.3800021066127 65.26000263812823
83.6000017752849 75.3800021066127 65.26000263812823
82.60000176924112 75.88000210963459 65.26000263812823
83.10000177226301 75.88000210963459 65.26000263812823
83.10000177226301 76.38000211265647 65.26000263812823
86.10000179039433 76.88000211567835 65.26000263812823
86.60000179341621 76.88000211567835 65.26000263812823
86.10000179039433 77.38000211870025 65.26000263812823
86.60000179341621 77.38000211870025 65.26000263812823
84.10000177830678 77.88000212172213 65.26000263812823
85.60000178737245 77.88000212172213 65.26000263812823
86.10000179039433 77.88000212172213 65.26000263812823
83.6000017752849 78.38000212474402 65.26000263812823
84.10000177830678 78.8800021277659 65.26000263812823
83.10000177226301 74.88000210359081 65.76000264115011
83.6000017752849 74.88000210359081 65.76000264115011
84.10000177830678 74.88000210359081 65.76000264115011
83.10000177226301 75.3800021066127 65.76000264115011
83.6000017752849 75.3800021066127 65.76000264115011
82.60000176924112 75.88000210963459 65.76000264115011
83.10000177226301 75.88000210963459 65.76000264115011
83.6000017752849 75.88000210963459 65.76000264115011
83.10000177226301 76.38000211265647 65.76000264115011
83.6000017752849 76.38000211265647 65.76000264115011
83.6000017752849 76.88000211567835 65.76000264115011
86.10000179039433 76.88000211567835 65.76000264115011
86.60000179341621 76.88000211567835 65.76000264115011
87.10000179643811 76.88000211567835 65.76000264115011
86.10000179039433 77.38000211870025 65.76000264115011
86.60000179341621 77.38000211870025 65.76000264115011
83.6000017752849 77.88000212172213 65.76000264115011
85.60000178737245 77.88000212172213 65.76000264115011
86.10000179039433 77.88000212172213 65.76000264115011
86.60000179341621 77.88000212172213 65.76000264115011
85.60000178737245 78.38000212474402 65.76000264115011
84.60000178132867 78.8800021277659 65.76000264115011
73.10000171182527 88.88000218820365 65.76000264115011
75.10000172391281 89.88000219424742 65.76000264115011
66.60000167254074 49.380001949474575 66.260002644172
86.10000179039433 76.38000211265647 66.260002644172
83.10000177226301 76.88000211567835 66.260002644172
83.6000017752849 76.88000211567835 66.260002644172
86.60000179341621 76.88000211567835 66.260002644172
86.60000179341621 77.38000211870025 66.260002644172
84.10000177830678 77.88000212172213 66.260002644172
84.60000178132867 77.88000212172213 66.260002644172
83.6000017752849 78.38000212474402 66.260002644172
84.10000177830678 78.38000212474402 66.260002644172
84.60000178132867 78.38000212474402 66.260002644172
84.10000177830678 78.8800021277659 66.260002644172
84.60000178132867 78.8800021277659 66.260002644172
83.6000017752849 79.38000213078779 66.260002644172
84.10000177830678 77.88000212172213 66.76000264719389
84.60000178132867 77.88000212172213 66.76000264719389
84.10000177830678 78.38000212474402 66.76000264719389
84.60000178132867 78.38000212474402 66.76000264719389
84.10000177830678 77.88000212172213 67.26000265021577
84.60000178132867 77.88000212172213 67.26000265021577
84.60000178132867 75.3800021066127 68.26000265625954
85.10000178435055 75.3800021066127 68.26000265625954
84.60000178132867 75.88000210963459 68.76000265928144
85.10000178435055 75.88000210963459 68.76000265928144
85.60000178737245 75.88000210963459 68.76000265928144
85.10000178435055 76.38000211265647 68.76000265928144
85.60000178737245 76.38000211265647 68.76000265928144
85.10000178435055 76.88000211567835 68.76000265928144
85.60000178737245 75.88000210963459 69.26000266230332
86.10000179039433 75.88000210963459 69.26000266230332
85.10000178435055 76.38000211265647 69.26000266230332
85.60000178737245 76.38000211265647 69.26000266230332
85.10000178435055 76.38000211265647 69.7600026653252
