135.01000279509284 107.48000198311149 29.76000242357425
93.5100025442762 83.4800018380609 30.76000242961802
110.01000264399849 106.98000198008961 30.76000242961802
114.51000267119548 95.98000191360808 31.260002432639908
121.01000271048 100.48000194080507 31.260002432639908
86.0100024989479 74.98000178668883 31.760002435661796
95.51000255636376 83.98000184108281 31.760002435661796
75.0100024324664 85.98000185317034 31.760002435661796
75.51000243548827 85.98000185317034 32.260002438683685
132.5100027799834 92.48000189245488 32.260002438683685
134.01000278904905 93.48000189849864 32.260002438683685
115.51000267723924 96.98000191965187 32.260002438683685
131.51000277393962 112.48000201333036 32.260002438683685
91.01000252916677 26.980001496587683 32.760002441705566
77.51000244757583 84.48000184410469 32.760002441705566
121.01000271048 109.98000199822093 32.760002441705566
86.0100024989479 33.9800015388941 33.260002444727455
75.0100024324664 82.48000183201714 33.260002444727455
74.01000242642263 82.98000183503902 33.260002444727455
94.51000255032 84.48000184410469 33.260002444727455
77.01000244455395 84.98000184712657 33.260002444727455
92.01000253521056 89.48000187432356 33.260002444727455
110.51000264702037 96.48000191662996 33.260002444727455
122.01000271652379 97.98000192569563 33.260002444727455
37.01000220280299 99.98000193778319 33.260002444727455
114.0100026681736 100.48000194080507 33.260002444727455
120.51000270745811 108.98000199217714 33.260002444727455
123.51000272558943 120.98000206470243 33.260002444727455
90.010002523123 30.980001520762784 33.76000244774934
132.01000277696153 82.48000183201714 33.76000244774934
73.51000242340072 83.4800018380609 33.76000244774934
77.01000244455395 84.98000184712657 33.76000244774934
77.51000244757583 84.98000184712657 33.76000244774934
123.01000272256755 109.48000199519905 33.76000244774934
101.51000259262639 126.9800021009651 33.76000244774934
31.01000216654034 79.9800018169077 34.26000245077123
133.51000278602717 80.48000181992958 34.26000245077123
74.01000242642263 83.4800018380609 34.26000245077123
103.01000260169207 83.98000184108281 34.26000245077123
72.51000241735696 84.98000184712657 34.26000245077123
73.51000242340072 87.98000186525789 34.26000245077123
50.51000228439393 89.48000187432356 34.26000245077123
93.5100025442762 90.48000188036733 34.26000245077123
93.5100025442762 90.9800018833892 34.26000245077123
112.01000265608604 95.4800019105862 34.26000245077123
117.5100026893268 95.98000191360808 34.26000245077123
117.5100026893268 96.48000191662996 34.26000245077123
111.51000265306416 97.48000192267375 34.26000245077123
128.01000275278642 105.98000197404582 34.26000245077123
108.51000263493282 108.48000198915526 34.26000245077123
120.51000270745811 111.4800020072866 34.26000245077123
131.51000277393962 115.48000203146168 34.26000245077123
130.51000276789586 118.480002049593 34.26000245077123
85.01000249290414 73.98000178064507 34.76000245379312
85.01000249290414 76.98000179877639 34.76000245379312
97.01000256542943 82.48000183201714 34.76000245379312
1.5100019882490123 84.98000184712657 34.76000245379312
72.51000241735696 84.98000184712657 34.76000245379312
94.51000255032 84.98000184712657 34.76000245379312
89.51000252010112 86.98000185921413 34.76000245379312
75.0100024324664 87.98000186525789 34.76000245379312
91.51000253218868 89.48000187432356 34.76000245379312
121.01000271048 90.9800018833892 34.76000245379312
118.51000269537056 95.4800019105862 34.76000245379312
115.01000267421736 100.98000194382695 34.76000245379312
123.01000272256755 107.98000198613337 34.76000245379312
101.01000258960451 127.48000210398698 34.76000245379312
82.01000247477282 30.480001517740895 35.260002456815
42.01000223302186 49.4800016325726 35.260002456815
90.51000252614489 66.98000173833864 35.260002456815
84.51000248988225 73.48000177762316 35.260002456815
84.51000248988225 73.98000178064507 35.260002456815
85.01000249290414 73.98000178064507 35.260002456815
84.51000248988225 74.48000178366695 35.260002456815
85.01000249290414 74.48000178366695 35.260002456815
85.01000249290414 74.98000178668883 35.260002456815
95.51000255636376 80.48000181992958 35.260002456815
104.01000260773583 81.48000182597337 35.260002456815
95.51000255636376 81.98000182899526 35.260002456815
93.5100025442762 82.48000183201714 35.260002456815
131.01000277091774 83.4800018380609 35.260002456815
95.51000255636376 83.98000184108281 35.260002456815
33.510002181649774 84.98000184712657 35.260002456815
75.51000243548827 85.98000185317034 35.260002456815
73.51000242340072 86.48000185619225 35.260002456815
93.5100025442762 86.98000185921413 35.260002456815
51.510002290437704 87.98000186525789 35.260002456815
74.51000242944451 87.98000186525789 35.260002456815
51.510002290437704 88.48000186827977 35.260002456815
76.01000243851016 88.48000186827977 35.260002456815
93.5100025442762 90.9800018833892 35.260002456815
92.01000253521056 91.48000188641112 35.260002456815
95.51000255636376 91.48000188641112 35.260002456815
124.51000273163322 94.98000190756431 35.260002456815
39.010002214890534 101.48000194684883 35.260002456815
44.0100022451094 101.98000194987074 35.260002456815
118.51000269537056 103.48000195893638 35.260002456815
125.0100027346551 108.98000199217714 35.260002456815
126.51000274372075 116.48000203750547 35.260002456815
84.01000248686037 73.48000177762316 35.76000245983689
84.01000248686037 73.98000178064507 35.76000245983689
84.51000248988225 73.98000178064507 35.76000245983689
83.51000248383846 74.48000178366695 35.76000245983689
84.01000248686037 74.48000178366695 35.76000245983689
84.51000248988225 74.48000178366695 35.76000245983689
85.51000249592602 74.48000178366695 35.76000245983689
84.01000248686037 74.98000178668883 35.76000245983689
84.51000248988225 74.98000178668883 35.76000245983689
85.01000249290414 76.4800017957545 35.76000245983689
105.01000261377962 79.9800018169077 35.76000245983689
97.51000256845131 81.98000182899526 35.76000245983689
48.51000227230639 84.48000184410469 35.76000245983689
72.51000241735696 84.48000184410469 35.76000245983689
97.01000256542943 84.98000184712657 35.76000245983689
48.010002269284506 85.48000185014845 35.76000245983689
72.01000241433508 85.48000185014845 35.76000245983689
75.51000243548827 85.48000185014845 35.76000245983689
76.01000243851016 85.48000185014845 35.76000245983689
72.51000241735696 85.98000185317034 35.76000245983689
75.51000243548827 85.98000185317034 35.76000245983689
72.51000241735696 86.48000185619225 35.76000245983689
75.0100024324664 86.48000185619225 35.76000245983689
76.01000243851016 86.48000185619225 35.76000245983689
77.01000244455395 86.48000185619225 35.76000245983689
72.51000241735696 86.98000185921413 35.76000245983689
74.51000242944451 86.98000185921413 35.76000245983689
75.0100024324664 86.98000185921413 35.76000245983689
47.01000226324073 87.98000186525789 35.76000245983689
93.01000254125432 87.98000186525789 35.76000245983689
68.51000239318188 88.48000186827977 35.76000245983689
71.01000240829129 90.9800018833892 35.76000245983689
132.5100027799834 90.9800018833892 35.76000245983689
90.51000252614489 91.980001889433 35.76000245983689
117.5100026893268 95.4800019105862 35.76000245983689
38.01000220884676 95.98000191360808 35.76000245983689
123.01000272256755 95.98000191360808 35.76000245983689
134.51000279207096 95.98000191360808 35.76000245983689
37.01000220280299 96.98000191965187 35.76000245983689
115.01000267421736 97.98000192569563 35.76000245983689
119.51000270141435 106.4800019770677 35.76000245983689
126.51000274372075 115.48000203146168 35.76000245983689
131.01000277091774 115.98000203448356 35.76000245983689
72.01000241433508 40.98000158120052 36.26000246285878
83.51000248383846 72.4800017715794 36.26000246285878
84.01000248686037 72.98000177460128 36.26000246285878
83.51000248383846 73.48000177762316 36.26000246285878
84.01000248686037 73.48000177762316 36.26000246285878
84.51000248988225 73.48000177762316 36.26000246285878
84.01000248686037 73.98000178064507 36.26000246285878
85.01000249290414 73.98000178064507 36.26000246285878
125.51000273767698 73.98000178064507 36.26000246285878
84.01000248686037 74.48000178366695 36.26000246285878
84.51000248988225 74.48000178366695 36.26000246285878
85.01000249290414 74.48000178366695 36.26000246285878
83.51000248383846 74.98000178668883 36.26000246285878
84.01000248686037 74.98000178668883 36.26000246285878
97.01000256542943 79.48000181388582 36.26000246285878
3.0100019973146708 80.48000181992958 36.26000246285878
99.51000258053887 81.48000182597337 36.26000246285878
2.510001994292786 81.98000182899526 36.26000246285878
36.01000219675921 83.4800018380609 36.26000246285878
72.51000241735696 83.98000184108281 36.26000246285878
73.01000242037884 83.98000184108281 36.26000246285878
73.01000242037884 84.48000184410469 36.26000246285878
49.01000227532827 85.48000185014845 36.26000246285878
73.01000242037884 85.98000185317034 36.26000246285878
75.0100024324664 85.98000185317034 36.26000246285878
74.01000242642263 86.48000185619225 36.26000246285878
75.51000243548827 86.48000185619225 36.26000246285878
76.01000243851016 86.48000185619225 36.26000246285878
75.0100024324664 86.98000185921413 36.26000246285878
76.01000243851016 86.98000185921413 36.26000246285878
87.51000250801357 86.98000185921413 36.26000246285878
49.510002278350164 87.48000186223601 36.26000246285878
75.51000243548827 87.48000186223601 36.26000246285878
50.51000228439393 87.98000186525789 36.26000246285878
91.01000252916677 87.98000186525789 36.26000246285878
93.01000254125432 89.98000187734544 36.26000246285878
92.01000253521056 94.48000190454243 36.26000246285878
115.51000267723924 96.48000191662996 36.26000246285878
118.01000269234868 101.98000194987074 36.26000246285878
123.01000272256755 118.480002049593 36.26000246285878
91.01000252916677 30.980001520762784 36.76000246588067
123.51000272558943 38.48000156609108 36.76000246588067
13.510002060774298 63.48000171718544 36.76000246588067
83.51000248383846 71.98000176855751 36.76000246588067
83.51000248383846 73.48000177762316 36.76000246588067
84.01000248686037 73.48000177762316 36.76000246588067
83.51000248383846 73.98000178064507 36.76000246588067
84.01000248686037 74.48000178366695 36.76000246588067
84.01000248686037 74.98000178668883 36.76000246588067
87.51000250801357 74.98000178668883 36.76000246588067
34.51000218769355 81.98000182899526 36.76000246588067
72.51000241735696 83.4800018380609 36.76000246588067
72.51000241735696 83.98000184108281 36.76000246588067
72.01000241433508 84.48000184410469 36.76000246588067
73.51000242340072 84.48000184410469 36.76000246588067
74.01000242642263 84.48000184410469 36.76000246588067
75.0100024324664 84.48000184410469 36.76000246588067
73.01000242037884 84.98000184712657 36.76000246588067
72.51000241735696 85.48000185014845 36.76000246588067
75.51000243548827 85.98000185317034 36.76000246588067
49.510002278350164 86.48000185619225 36.76000246588067
72.51000241735696 86.48000185619225 36.76000246588067
73.51000242340072 86.48000185619225 36.76000246588067
76.51000244153207 86.48000185619225 36.76000246588067
48.51000227230639 87.48000186223601 36.76000246588067
70.01000240224752 88.48000186827977 36.76000246588067
51.01000228741582 88.98000187130168 36.76000246588067
70.5100024052694 88.98000187130168 36.76000246588067
76.01000243851016 88.98000187130168 36.76000246588067
96.01000255938564 88.98000187130168 36.76000246588067
76.01000243851016 89.48000187432356 36.76000246588067
134.01000278904905 90.48000188036733 36.76000246588067
2.0100019912708973 91.980001889433 36.76000246588067
118.51000269537056 95.98000191360808 36.76000246588067
59.51000233878789 98.48000192871751 36.76000246588067
44.51000224813129 101.48000194684883 36.76000246588067
121.01000271048 111.98000201030848 36.76000246588067
114.51000267119548 27.48000149960957 37.26000246890255
89.01000251707924 31.980001526806554 37.26000246890255
73.51000242340072 33.48000153587221 37.26000246890255
91.51000253218868 34.98000154493788 37.26000246890255
41.01000222697808 48.480001626528825 37.26000246890255
39.010002214890534 51.48000164466014 37.26000246890255
84.01000248686037 74.48000178366695 37.26000246890255
84.01000248686037 74.98000178668883 37.26000246890255
87.51000250801357 74.98000178668883 37.26000246890255
87.01000250499169 75.9800017927326 37.26000246890255
28.010002148409022 77.48000180179827 37.26000246890255
86.51000250196981 77.48000180179827 37.26000246890255
32.010002172584116 78.48000180784203 37.26000246890255
32.010002172584116 80.48000181992958 37.26000246890255
41.01000222697808 80.98000182295146 37.26000246890255
106.01000261982338 81.48000182597337 37.26000246890255
31.01000216654034 83.4800018380609 37.26000246890255
47.01000226324073 83.4800018380609 37.26000246890255
73.01000242037884 84.48000184410469 37.26000246890255
73.51000242340072 84.48000184410469 37.26000246890255
72.51000241735696 84.98000184712657 37.26000246890255
73.01000242037884 84.98000184712657 37.26000246890255
73.51000242340072 84.98000184712657 37.26000246890255
49.01000227532827 85.48000185014845 37.26000246890255
72.51000241735696 85.48000185014845 37.26000246890255
74.01000242642263 85.48000185014845 37.26000246890255
50.51000228439393 86.48000185619225 37.26000246890255
72.01000241433508 86.48000185619225 37.26000246890255
50.010002281372046 86.98000185921413 37.26000246890255
76.51000244153207 86.98000185921413 37.26000246890255
77.01000244455395 86.98000185921413 37.26000246890255
72.01000241433508 87.48000186223601 37.26000246890255
65.51000237505053 87.98000186525789 37.26000246890255
76.51000244153207 87.98000186525789 37.26000246890255
48.51000227230639 88.48000186827977 37.26000246890255
68.51000239318188 88.48000186827977 37.26000246890255
76.01000243851016 88.48000186827977 37.26000246890255
69.01000239620376 88.98000187130168 37.26000246890255
76.01000243851016 88.98000187130168 37.26000246890255
76.51000244153207 88.98000187130168 37.26000246890255
77.51000244757583 88.98000187130168 37.26000246890255
127.01000274674266 88.98000187130168 37.26000246890255
67.51000238713809 89.48000187432356 37.26000246890255
69.51000239922564 89.48000187432356 37.26000246890255
93.01000254125432 89.98000187734544 37.26000246890255
135.01000279509284 90.9800018833892 37.26000246890255
36.5100021997811 94.98000190756431 37.26000246890255
113.0100026621298 101.48000194684883 37.26000246890255
121.01000271048 106.4800019770677 37.26000246890255
69.51000239922564 24.480001481478247 37.76000247192444
91.01000252916677 32.48000152982844 37.76000247192444
15.010002069839956 61.480001705097884 37.76000247192444
90.51000252614489 67.9800017443824 37.76000247192444
87.51000250801357 74.98000178668883 37.76000247192444
83.51000248383846 75.48000178971071 37.76000247192444
87.01000250499169 75.48000178971071 37.76000247192444
87.51000250801357 75.48000178971071 37.76000247192444
84.51000248988225 75.9800017927326 37.76000247192444
84.01000248686037 76.4800017957545 37.76000247192444
84.51000248988225 76.4800017957545 37.76000247192444
86.51000250196981 76.4800017957545 37.76000247192444
84.01000248686037 76.98000179877639 37.76000247192444
86.0100024989479 77.48000180179827 37.76000247192444
84.51000248988225 77.98000180482015 37.76000247192444
31.510002169562227 79.48000181388582 37.76000247192444
31.01000216654034 80.98000182295146 37.76000247192444
36.01000219675921 83.4800018380609 37.76000247192444
74.51000242944451 84.98000184712657 37.76000247192444
32.010002172584116 85.48000185014845 37.76000247192444
46.51000226021883 85.98000185317034 37.76000247192444
72.51000241735696 86.48000185619225 37.76000247192444
48.51000227230639 86.98000185921413 37.76000247192444
72.01000241433508 86.98000185921413 37.76000247192444
48.51000227230639 87.48000186223601 37.76000247192444
49.01000227532827 87.48000186223601 37.76000247192444
65.01000237202865 87.48000186223601 37.76000247192444
65.01000237202865 87.98000186525789 37.76000247192444
90.51000252614489 88.48000186827977 37.76000247192444
68.51000239318188 88.98000187130168 37.76000247192444
117.01000268630492 98.9800019317394 37.76000247192444
36.5100021997811 99.98000193778319 37.76000247192444
130.01000276487397 112.98000201635224 37.76000247192444
80.01000246268526 36.980001557025425 38.260002474946326
72.01000241433508 41.48000158422241 38.260002474946326
85.01000249290414 47.48000162048505 38.260002474946326
10.510002042642977 64.48000172322921 38.260002474946326
13.01000205775241 67.9800017443824 38.260002474946326
83.51000248383846 75.9800017927326 38.260002474946326
84.01000248686037 75.9800017927326 38.260002474946326
84.51000248988225 75.9800017927326 38.260002474946326
84.01000248686037 76.4800017957545 38.260002474946326
84.01000248686037 76.98000179877639 38.260002474946326
85.51000249592602 76.98000179877639 38.260002474946326
84.01000248686037 77.48000180179827 38.260002474946326
84.51000248988225 77.48000180179827 38.260002474946326
86.0100024989479 77.48000180179827 38.260002474946326
42.01000223302186 78.98000181086394 38.260002474946326
94.01000254729809 82.48000183201714 38.260002474946326
48.010002269284506 83.98000184108281 38.260002474946326
37.01000220280299 84.48000184410469 38.260002474946326
74.01000242642263 85.48000185014845 38.260002474946326
99.51000258053887 85.48000185014845 38.260002474946326
71.5100024113132 85.98000185317034 38.260002474946326
90.51000252614489 88.98000187130168 38.260002474946326
68.51000239318188 89.48000187432356 38.260002474946326
37.01000220280299 94.98000190756431 38.260002474946326
40.51000222395619 97.98000192569563 38.260002474946326
37.01000220280299 98.48000192871751 38.260002474946326
56.010002317634694 101.48000194684883 38.260002474946326
111.51000265306416 19.980001454281265 38.760002477968214
87.01000250499169 20.480001457303153 38.760002477968214
88.01000251103545 24.480001481478247 38.760002477968214
10.510002042642977 26.980001496587683 38.760002477968214
85.51000249592602 29.480001511697118 38.760002477968214
83.01000248081658 32.98000153285033 38.760002477968214
43.01000223906563 49.4800016325726 38.760002477968214
36.01000219675921 51.98000164768204 38.760002477968214
13.01000205775241 62.98000171416354 38.760002477968214
18.01000208797128 62.98000171416354 38.760002477968214
18.01000208797128 64.98000172625109 38.760002477968214
90.51000252614489 65.48000172927297 38.760002477968214
13.01000205775241 65.98000173229488 38.760002477968214
105.01000261377962 70.98000176251375 38.760002477968214
83.01000248081658 74.98000178668883 38.760002477968214
84.01000248686037 74.98000178668883 38.760002477968214
87.01000250499169 74.98000178668883 38.760002477968214
83.01000248081658 75.48000178971071 38.760002477968214
83.51000248383846 75.48000178971071 38.760002477968214
84.01000248686037 75.48000178971071 38.760002477968214
84.51000248988225 75.48000178971071 38.760002477968214
84.51000248988225 75.9800017927326 38.760002477968214
33.01000217862789 76.4800017957545 38.760002477968214
84.01000248686037 76.4800017957545 38.760002477968214
84.51000248988225 76.4800017957545 38.760002477968214
84.51000248988225 76.98000179877639 38.760002477968214
29.010002154452792 80.98000182295146 38.760002477968214
31.01000216654034 83.4800018380609 38.760002477968214
44.51000224813129 84.98000184712657 38.760002477968214
100.01000258356075 84.98000184712657 38.760002477968214
74.51000242944451 85.48000185014845 38.760002477968214
128.01000275278642 85.48000185014845 38.760002477968214
46.51000226021883 86.48000185619225 38.760002477968214
71.5100024113132 86.48000185619225 38.760002477968214
128.5100027558083 87.48000186223601 38.760002477968214
48.51000227230639 87.98000186525789 38.760002477968214
51.01000228741582 87.98000186525789 38.760002477968214
50.010002281372046 88.48000186827977 38.760002477968214
76.01000243851016 88.48000186827977 38.760002477968214
68.51000239318188 89.48000187432356 38.760002477968214
69.01000239620376 89.98000187734544 38.760002477968214
70.01000240224752 90.48000188036733 38.760002477968214
119.01000269839244 97.98000192569563 38.760002477968214
119.01000269839244 99.98000193778319 38.760002477968214
111.51000265306416 100.98000194382695 38.760002477968214
110.01000264399849 19.980001454281265 39.260002480990096
112.51000265910793 22.4800014693907 39.260002480990096
89.51000252010112 32.48000152982844 39.260002480990096
84.01000248686037 43.98000159933184 39.260002480990096
71.01000240829129 44.98000160537561 39.260002480990096
43.01000223906563 50.48000163861638 39.260002480990096
8.51000203055543 65.98000173229488 39.260002480990096
23.51000212121204 68.9800017504262 39.260002480990096
120.01000270443623 71.98000176855751 39.260002480990096
82.5100024777947 74.48000178366695 39.260002480990096
83.01000248081658 74.98000178668883 39.260002480990096
84.51000248988225 74.98000178668883 39.260002480990096
84.01000248686037 75.48000178971071 39.260002480990096
84.51000248988225 75.48000178971071 39.260002480990096
84.01000248686037 75.9800017927326 39.260002480990096
85.01000249290414 75.9800017927326 39.260002480990096
84.51000248988225 76.4800017957545 39.260002480990096
31.510002169562227 80.98000182295146 39.260002480990096
47.51000226626261 83.4800018380609 39.260002480990096
48.51000227230639 83.4800018380609 39.260002480990096
76.01000243851016 83.4800018380609 39.260002480990096
48.51000227230639 84.48000184410469 39.260002480990096
48.51000227230639 84.98000184712657 39.260002480990096
49.01000227532827 85.48000185014845 39.260002480990096
74.01000242642263 85.48000185014845 39.260002480990096
72.51000241735696 85.98000185317034 39.260002480990096
74.01000242642263 85.98000185317034 39.260002480990096
48.010002269284506 86.48000185619225 39.260002480990096
72.51000241735696 86.48000185619225 39.260002480990096
74.01000242642263 86.48000185619225 39.260002480990096
47.51000226626261 87.48000186223601 39.260002480990096
90.010002523123 88.48000186827977 39.260002480990096
125.0100027346551 89.48000187432356 39.260002480990096
0.5100019822052388 94.48000190454243 39.260002480990096
34.01000218467166 95.4800019105862 39.260002480990096
35.01000219071544 96.48000191662996 39.260002480990096
114.0100026681736 97.98000192569563 39.260002480990096
119.51000270141435 111.98000201030848 39.260002480990096
78.01000245059771 43.98000159933184 39.760002484011984
85.51000249592602 72.4800017715794 39.760002484011984
85.01000249290414 72.98000177460128 39.760002484011984
86.0100024989479 72.98000177460128 39.760002484011984
84.51000248988225 73.48000177762316 39.760002484011984
85.51000249592602 73.48000177762316 39.760002484011984
86.0100024989479 73.48000177762316 39.760002484011984
85.51000249592602 73.98000178064507 39.760002484011984
86.0100024989479 73.98000178064507 39.760002484011984
85.01000249290414 74.48000178366695 39.760002484011984
85.51000249592602 74.48000178366695 39.760002484011984
86.0100024989479 74.48000178366695 39.760002484011984
84.51000248988225 74.98000178668883 39.760002484011984
85.01000249290414 74.98000178668883 39.760002484011984
84.01000248686037 75.9800017927326 39.760002484011984
85.51000249592602 75.9800017927326 39.760002484011984
85.01000249290414 76.98000179877639 39.760002484011984
31.510002169562227 77.98000180482015 39.760002484011984
31.510002169562227 81.98000182899526 39.760002484011984
28.51000215143091 82.48000183201714 39.760002484011984
31.510002169562227 83.98000184108281 39.760002484011984
131.51000277393962 83.98000184108281 39.760002484011984
8.51000203055543 84.98000184712657 39.760002484011984
68.01000239015997 85.48000185014845 39.760002484011984
73.51000242340072 85.98000185317034 39.760002484011984
77.01000244455395 85.98000185317034 39.760002484011984
70.5100024052694 86.98000185921413 39.760002484011984
76.01000243851016 88.98000187130168 39.760002484011984
69.51000239922564 91.48000188641112 39.760002484011984
70.01000240224752 91.980001889433 39.760002484011984
132.5100027799834 95.98000191360808 39.760002484011984
122.01000271652379 111.4800020072866 39.760002484011984
87.51000250801357 25.980001490543913 40.26000248703387
90.010002523123 27.98000150263146 40.26000248703387
87.51000250801357 32.98000153285033 40.26000248703387
88.01000251103545 32.98000153285033 40.26000248703387
87.01000250499169 38.98000156911297 40.26000248703387
38.01000220884676 50.98000164163826 40.26000248703387
13.01000205775241 51.98000164768204 40.26000248703387
16.010002075883733 64.48000172322921 40.26000248703387
15.010002069839956 65.48000172927297 40.26000248703387
17.01000208192751 65.48000172927297 40.26000248703387
85.51000249592602 73.48000177762316 40.26000248703387
84.51000248988225 75.48000178971071 40.26000248703387
84.01000248686037 77.98000180482015 40.26000248703387
0.5100019822052388 79.48000181388582 40.26000248703387
38.01000220884676 82.48000183201714 40.26000248703387
4.510002006380333 82.98000183503902 40.26000248703387
66.51000238109432 85.98000185317034 40.26000248703387
67.0100023841162 85.98000185317034 40.26000248703387
67.51000238713809 85.98000185317034 40.26000248703387
75.0100024324664 85.98000185317034 40.26000248703387
67.51000238713809 86.48000185619225 40.26000248703387
47.51000226626261 86.98000185921413 40.26000248703387
67.0100023841162 86.98000185921413 40.26000248703387
48.51000227230639 87.48000186223601 40.26000248703387
74.01000242642263 87.48000186223601 40.26000248703387
74.51000242944451 87.48000186223601 40.26000248703387
70.01000240224752 87.98000186525789 40.26000248703387
76.51000244153207 88.98000187130168 40.26000248703387
2.0100019912708973 90.9800018833892 40.26000248703387
68.51000239318188 90.9800018833892 40.26000248703387
93.01000254125432 91.980001889433 40.26000248703387
117.5100026893268 95.4800019105862 40.26000248703387
125.51000273767698 108.98000199217714 40.26000248703387
36.01000219675921 21.48000146334693 40.76000249005576
90.51000252614489 27.48000149960957 40.76000249005576
95.01000255334188 30.480001517740895 40.76000249005576
87.51000250801357 33.48000153587221 40.76000249005576
84.51000248988225 40.48000157817863 40.76000249005576
31.510002169562227 53.98000165976958 40.76000249005576
9.510002036599204 57.48000168092279 40.76000249005576
12.510002054730528 58.98000168998845 40.76000249005576
94.01000254729809 69.98000175646996 40.76000249005576
84.01000248686037 77.48000180179827 40.76000249005576
84.51000248988225 77.48000180179827 40.76000249005576
84.51000248988225 78.48000180784203 40.76000249005576
3.0100019973146708 80.48000181992958 40.76000249005576
33.01000217862789 81.98000182899526 40.76000249005576
67.51000238713809 85.98000185317034 40.76000249005576
66.51000238109432 86.48000185619225 40.76000249005576
67.0100023841162 86.48000185619225 40.76000249005576
48.010002269284506 86.98000185921413 40.76000249005576
8.51000203055543 87.98000186525789 40.76000249005576
49.510002278350164 87.98000186525789 40.76000249005576
131.01000277091774 87.98000186525789 40.76000249005576
69.51000239922564 88.48000186827977 40.76000249005576
71.5100024113132 89.98000187734544 40.76000249005576
72.01000241433508 89.98000187734544 40.76000249005576
68.01000239015997 90.48000188036733 40.76000249005576
3.0100019973146708 95.98000191360808 40.76000249005576
86.0100024989479 22.4800014693907 41.26000249307764
87.51000250801357 26.980001496587683 41.26000249307764
88.01000251103545 27.48000149960957 41.26000249307764
90.51000252614489 28.480001505653348 41.26000249307764
88.01000251103545 29.980001514719007 41.26000249307764
87.51000250801357 30.480001517740895 41.26000249307764
76.51000244153207 37.9800015630692 41.26000249307764
132.01000277696153 43.480001596309954 41.26000249307764
68.51000239318188 43.98000159933184 41.26000249307764
38.01000220884676 50.98000164163826 41.26000249307764
15.010002069839956 52.9800016537258 41.26000249307764
31.01000216654034 53.98000165976958 41.26000249307764
30.01000216049657 76.98000179877639 41.26000249307764
84.01000248686037 76.98000179877639 41.26000249307764
84.01000248686037 77.48000180179827 41.26000249307764
123.51000272558943 77.48000180179827 41.26000249307764
84.51000248988225 77.98000180482015 41.26000249307764
88.01000251103545 78.98000181086394 41.26000249307764
33.510002181649774 80.98000182295146 41.26000249307764
30.510002163518458 84.98000184712657 41.26000249307764
48.010002269284506 85.48000185014845 41.26000249307764
75.0100024324664 85.98000185317034 41.26000249307764
75.51000243548827 90.48000188036733 41.26000249307764
76.01000243851016 90.9800018833892 41.26000249307764
118.51000269537056 96.98000191965187 41.26000249307764
65.01000237202865 21.98000146636881 41.76000249609953
90.51000252614489 27.48000149960957 41.76000249609953
87.51000250801357 27.98000150263146 41.76000249609953
89.51000252010112 28.480001505653348 41.76000249609953
93.01000254125432 31.980001526806554 41.76000249609953
75.0100024324664 34.48000154191599 41.76000249609953
127.01000274674266 45.4800016083975 41.76000249609953
88.01000251103545 66.98000173833864 41.76000249609953
23.01000211819015 67.9800017443824 41.76000249609953
85.01000249290414 77.48000180179827 41.76000249609953
44.51000224813129 84.48000184410469 41.76000249609953
91.01000252916677 25.480001487522024 42.26000249912142
93.5100025442762 30.480001517740895 42.26000249912142
91.51000253218868 31.980001526806554 42.26000249912142
82.01000247477282 32.98000153285033 42.26000249912142
123.51000272558943 32.98000153285033 42.26000249912142
75.51000243548827 34.98000154493788 42.26000249912142
100.51000258658263 38.98000156911297 42.26000249912142
13.01000205775241 53.98000165976958 42.26000249912142
92.51000253823244 67.9800017443824 42.26000249912142
86.0100024989479 76.98000179877639 42.26000249912142
86.51000250196981 76.98000179877639 42.26000249912142
84.01000248686037 77.48000180179827 42.26000249912142
84.01000248686037 77.98000180482015 42.26000249912142
88.51000251405733 77.98000180482015 42.26000249912142
89.01000251707924 78.48000180784203 42.26000249912142
36.01000219675921 80.48000181992958 42.26000249912142
33.510002181649774 85.48000185014845 42.26000249912142
50.010002281372046 86.98000185921413 42.26000249912142
69.51000239922564 91.48000188641112 42.26000249912142
69.51000239922564 91.980001889433 42.26000249912142
18.01000208797128 11.980001405931077 42.76000250214331
63.010002359941105 13.980001418018624 42.76000250214331
91.51000253218868 21.98000146636881 42.76000250214331
94.01000254729809 24.480001481478247 42.76000250214331
88.51000251405733 24.980001484500136 42.76000250214331
100.01000258356075 38.48000156609108 42.76000250214331
85.51000249592602 44.48000160235373 42.76000250214331
91.51000253218868 64.98000172625109 42.76000250214331
92.51000253823244 68.48000174740432 42.76000250214331
83.51000248383846 76.98000179877639 42.76000250214331
84.51000248988225 76.98000179877639 42.76000250214331
86.0100024989479 77.48000180179827 42.76000250214331
71.01000240829129 85.98000185317034 42.76000250214331
1.0100019852271238 89.98000187734544 42.76000250214331
70.01000240224752 92.48000189245488 42.76000250214331
119.51000270141435 97.48000192267375 42.76000250214331
89.01000251707924 97.98000192569563 42.76000250214331
113.0100026621298 21.98000146636881 43.2600025051652
87.01000250499169 30.480001517740895 43.2600025051652
95.01000255334188 30.980001520762784 43.2600025051652
78.51000245361959 33.48000153587221 43.2600025051652
86.0100024989479 36.480001554003536 43.2600025051652
10.010002039621089 58.98000168998845 43.2600025051652
26.010002136321475 66.48000173531676 43.2600025051652
86.0100024989479 75.9800017927326 43.2600025051652
84.01000248686037 76.98000179877639 43.2600025051652
85.51000249592602 76.98000179877639 43.2600025051652
83.51000248383846 77.48000180179827 43.2600025051652
29.51000215747468 82.48000183201714 43.2600025051652
71.01000240829129 85.48000185014845 43.2600025051652
45.51000225417507 85.98000185317034 43.2600025051652
67.51000238713809 90.48000188036733 43.2600025051652
69.51000239922564 90.9800018833892 43.2600025051652
68.51000239318188 92.48000189245488 43.2600025051652
10.510002042642977 97.48000192267375 43.2600025051652
42.51000223604374 16.48000143312806 43.76000250818708
113.51000266515169 18.980001448237495 43.76000250818708
91.01000252916677 25.480001487522024 43.76000250818708
89.51000252010112 28.98000150867523 43.76000250818708
94.51000255032 32.98000153285033 43.76000250818708
90.010002523123 34.98000154493788 43.76000250818708
62.51000235691922 64.98000172625109 43.76000250818708
62.01000235389733 65.48000172927297 43.76000250818708
62.51000235691922 65.48000172927297 43.76000250818708
62.01000235389733 65.98000173229488 43.76000250818708
62.51000235691922 65.98000173229488 43.76000250818708
63.010002359941105 65.98000173229488 43.76000250818708
70.01000240224752 85.98000185317034 43.76000250818708
71.01000240829129 85.98000185317034 43.76000250818708
44.0100022451094 86.48000185619225 43.76000250818708
68.01000239015997 89.48000187432356 43.76000250818708
70.5100024052694 89.98000187734544 43.76000250818708
69.01000239620376 90.48000188036733 43.76000250818708
69.51000239922564 90.9800018833892 43.76000250818708
96.51000256240752 115.48000203146168 43.76000250818708
41.01000222697808 127.48000210398698 43.76000250818708
93.01000254125432 20.480001457303153 44.26000251120897
86.0100024989479 20.98000146032504 44.26000251120897
88.51000251405733 24.980001484500136 44.26000251120897
87.51000250801357 26.4800014935658 44.26000251120897
90.010002523123 27.48000149960957 44.26000251120897
73.51000242340072 30.980001520762784 44.26000251120897
85.01000249290414 45.98000161141939 44.26000251120897
13.01000205775241 54.48000166279147 44.26000251120897
62.01000235389733 65.98000173229488 44.26000251120897
62.51000235691922 65.98000173229488 44.26000251120897
63.010002359941105 65.98000173229488 44.26000251120897
85.01000249290414 80.48000181992958 44.26000251120897
75.0100024324664 87.98000186525789 44.26000251120897
67.51000238713809 88.98000187130168 44.26000251120897
68.01000239015997 91.980001889433 44.26000251120897
68.51000239318188 91.980001889433 44.26000251120897
125.0100027346551 12.480001408952962 44.760002514230855
56.010002317634694 65.48000172927297 44.760002514230855
62.51000235691922 65.48000172927297 44.760002514230855
62.51000235691922 65.98000173229488 44.760002514230855
59.01000233576601 66.48000173531676 44.760002514230855
15.510002072861845 70.98000176251375 44.760002514230855
30.01000216049657 83.4800018380609 44.760002514230855
128.01000275278642 86.98000185921413 44.760002514230855
69.01000239620376 91.980001889433 44.760002514230855
54.01000230554714 5.480001366646544 45.260002517252744
111.51000265306416 13.980001418018624 45.260002517252744
91.51000253218868 16.48000143312806 45.260002517252744
88.01000251103545 23.980001478456366 45.260002517252744
97.51000256845131 29.980001514719007 45.260002517252744
83.51000248383846 42.980001593288065 45.260002517252744
58.51000233274413 62.98000171416354 45.260002517252744
54.01000230554714 63.48000171718544 45.260002517252744
59.01000233576601 63.48000171718544 45.260002517252744
59.51000233878789 63.48000171718544 45.260002517252744
60.01000234180979 63.48000171718544 45.260002517252744
55.5100023146128 64.98000172625109 45.260002517252744
58.51000233274413 65.98000173229488 45.260002517252744
59.01000233576601 65.98000173229488 45.260002517252744
58.51000233274413 66.48000173531676 45.260002517252744
59.01000233576601 66.98000173833864 45.260002517252744
60.01000234180979 67.48000174136052 45.260002517252744
68.51000239318188 91.48000188641112 45.260002517252744
68.51000239318188 91.980001889433 45.260002517252744
69.01000239620376 91.980001889433 45.260002517252744
70.01000240224752 92.48000189245488 45.260002517252744
13.510002060774298 51.98000164768204 45.760002520274625
58.51000233274413 62.98000171416354 45.760002520274625
59.01000233576601 62.98000171416354 45.760002520274625
59.01000233576601 63.48000171718544 45.760002520274625
58.010002329722234 63.98000172020732 45.760002520274625
58.51000233274413 63.98000172020732 45.760002520274625
59.01000233576601 64.98000172625109 45.760002520274625
58.010002329722234 65.48000172927297 45.760002520274625
58.51000233274413 65.48000172927297 45.760002520274625
58.010002329722234 65.98000173229488 45.760002520274625
58.51000233274413 65.98000173229488 45.760002520274625
59.01000233576601 65.98000173229488 45.760002520274625
58.010002329722234 66.48000173531676 45.760002520274625
58.51000233274413 66.48000173531676 45.760002520274625
58.51000233274413 66.98000173833864 45.760002520274625
59.01000233576601 66.98000173833864 45.760002520274625
59.51000233878789 66.98000173833864 45.760002520274625
59.51000233878789 67.48000174136052 45.760002520274625
60.01000234180979 67.48000174136052 45.760002520274625
60.51000234483167 67.48000174136052 45.760002520274625
60.51000234483167 67.9800017443824 45.760002520274625
68.01000239015997 92.48000189245488 45.760002520274625
119.01000269839244 117.48000204354923 45.760002520274625
12.01000205170864 61.480001705097884 46.260002523296514
57.51000232670035 62.98000171416354 46.260002523296514
58.010002329722234 62.98000171416354 46.260002523296514
58.51000233274413 62.98000171416354 46.260002523296514
58.51000233274413 63.48000171718544 46.260002523296514
59.01000233576601 63.48000171718544 46.260002523296514
59.51000233878789 63.48000171718544 46.260002523296514
58.51000233274413 63.98000172020732 46.260002523296514
59.51000233878789 63.98000172020732 46.260002523296514
59.01000233576601 64.48000172322921 46.260002523296514
58.51000233274413 64.98000172625109 46.260002523296514
57.51000232670035 65.98000173229488 46.260002523296514
58.010002329722234 65.98000173229488 46.260002523296514
58.51000233274413 65.98000173229488 46.260002523296514
58.010002329722234 66.48000173531676 46.260002523296514
58.51000233274413 66.48000173531676 46.260002523296514
59.01000233576601 66.48000173531676 46.260002523296514
58.010002329722234 66.98000173833864 46.260002523296514
58.51000233274413 66.98000173833864 46.260002523296514
114.51000267119548 18.980001448237495 46.7600025263184
58.010002329722234 62.98000171416354 46.7600025263184
58.51000233274413 62.98000171416354 46.7600025263184
55.5100023146128 63.48000171718544 46.7600025263184
58.51000233274413 63.48000171718544 46.7600025263184
58.51000233274413 63.98000172020732 46.7600025263184
60.01000234180979 64.48000172322921 46.7600025263184
61.010002347853565 65.48000172927297 46.7600025263184
61.510002350875446 65.48000172927297 46.7600025263184
57.51000232670035 65.98000173229488 46.7600025263184
58.010002329722234 65.98000173229488 46.7600025263184
61.510002350875446 65.98000173229488 46.7600025263184
58.010002329722234 66.48000173531676 46.7600025263184
61.510002350875446 66.48000173531676 46.7600025263184
62.01000235389733 66.98000173833864 46.7600025263184
61.510002350875446 67.9800017443824 46.7600025263184
62.01000235389733 67.9800017443824 46.7600025263184
68.51000239318188 91.48000188641112 46.7600025263184
90.010002523123 19.980001454281265 47.26000252934029
99.01000257751696 22.98000147241259 47.26000252934029
55.01000231159092 63.98000172020732 47.26000252934029
53.51000230252526 64.48000172322921 47.26000252934029
61.510002350875446 64.48000172322921 47.26000252934029
61.510002350875446 64.98000172625109 47.26000252934029
54.01000230554714 65.48000172927297 47.26000252934029
60.51000234483167 65.48000172927297 47.26000252934029
61.010002347853565 65.48000172927297 47.26000252934029
61.510002350875446 65.48000172927297 47.26000252934029
61.010002347853565 65.98000173229488 47.26000252934029
61.510002350875446 65.98000173229488 47.26000252934029
62.01000235389733 65.98000173229488 47.26000252934029
61.010002347853565 66.48000173531676 47.26000252934029
61.510002350875446 66.48000173531676 47.26000252934029
62.01000235389733 66.48000173531676 47.26000252934029
68.01000239015997 89.98000187734544 47.26000252934029
68.51000239318188 92.48000189245488 47.26000252934029
3.5100020003365593 95.98000191360808 47.26000252934029
87.51000250801357 23.980001478456366 47.76000253236218
86.51000250196981 25.980001490543913 47.76000253236218
54.01000230554714 61.980001708119765 47.76000253236218
54.01000230554714 64.48000172322921 47.76000253236218
61.510002350875446 64.48000172322921 47.76000253236218
55.5100023146128 64.98000172625109 47.76000253236218
54.01000230554714 65.48000172927297 47.76000253236218
61.010002347853565 65.48000172927297 47.76000253236218
61.510002350875446 65.48000172927297 47.76000253236218
61.010002347853565 65.98000173229488 47.76000253236218
61.510002350875446 65.98000173229488 47.76000253236218
69.01000239620376 88.98000187130168 47.76000253236218
68.01000239015997 89.98000187734544 47.76000253236218
102.51000259867018 117.48000204354923 47.76000253236218
53.01000229950336 64.98000172625109 48.26000253538406
61.010002347853565 65.48000172927297 48.26000253538406
70.5100024052694 91.980001889433 48.26000253538406
68.51000239318188 92.48000189245488 48.26000253538406
68.01000239015997 93.48000189849864 48.26000253538406
108.51000263493282 109.48000199519905 48.26000253538406
86.51000250196981 22.98000147241259 48.76000253840595
89.51000252010112 25.980001490543913 48.76000253840595
57.01000232367847 64.98000172625109 48.76000253840595
57.51000232670035 64.98000172625109 48.76000253840595
58.51000233274413 64.98000172625109 48.76000253840595
60.01000234180979 64.98000172625109 48.76000253840595
56.510002320656575 65.48000172927297 48.76000253840595
57.51000232670035 65.48000172927297 48.76000253840595
58.51000233274413 65.48000172927297 48.76000253840595
55.5100023146128 65.98000173229488 48.76000253840595
57.01000232367847 65.98000173229488 48.76000253840595
59.01000233576601 65.98000173229488 48.76000253840595
57.01000232367847 66.48000173531676 48.76000253840595
56.510002320656575 67.48000174136052 48.76000253840595
89.01000251707924 23.980001478456366 49.26000254142784
58.010002329722234 64.48000172322921 49.26000254142784
57.51000232670035 64.98000172625109 49.26000254142784
58.010002329722234 64.98000172625109 49.26000254142784
59.01000233576601 64.98000172625109 49.26000254142784
59.51000233878789 64.98000172625109 49.26000254142784
57.01000232367847 65.48000172927297 49.26000254142784
57.51000232670035 65.48000172927297 49.26000254142784
58.010002329722234 65.48000172927297 49.26000254142784
58.51000233274413 65.48000172927297 49.26000254142784
58.010002329722234 65.98000173229488 49.26000254142784
57.01000232367847 66.48000173531676 49.26000254142784
60.51000234483167 66.98000173833864 49.26000254142784
56.510002320656575 67.48000174136052 49.26000254142784
60.01000234180979 67.48000174136052 49.26000254142784
57.51000232670035 67.9800017443824 49.26000254142784
23.51000212121204 70.98000176251375 49.26000254142784
10.010002039621089 92.48000189245488 49.26000254142784
57.51000232670035 64.48000172322921 49.760002544449726
58.010002329722234 64.48000172322921 49.760002544449726
57.01000232367847 64.98000172625109 49.760002544449726
57.51000232670035 64.98000172625109 49.760002544449726
58.010002329722234 64.98000172625109 49.760002544449726
58.51000233274413 64.98000172625109 49.760002544449726
59.51000233878789 64.98000172625109 49.760002544449726
57.01000232367847 65.48000172927297 49.760002544449726
57.51000232670035 65.48000172927297 49.760002544449726
58.010002329722234 65.48000172927297 49.760002544449726
60.01000234180979 66.48000173531676 49.760002544449726
60.51000234483167 66.98000173833864 49.760002544449726
60.01000234180979 67.48000174136052 49.760002544449726
130.01000276487397 87.98000186525789 49.760002544449726
70.5100024052694 93.98000190152055 49.760002544449726
89.51000252010112 21.98000146636881 50.260002547471615
58.010002329722234 64.98000172625109 50.260002547471615
58.51000233274413 65.48000172927297 50.260002547471615
60.01000234180979 67.48000174136052 50.260002547471615
58.51000233274413 68.48000174740432 50.260002547471615
94.51000255032 87.48000186223601 50.760002550493496
69.01000239620376 91.48000188641112 50.760002550493496
68.51000239318188 91.980001889433 50.760002550493496
69.01000239620376 91.980001889433 50.760002550493496
68.01000239015997 93.48000189849864 50.760002550493496
125.0100027346551 107.98000198613337 50.760002550493496
43.510002242087516 113.48000201937413 50.760002550493496
88.01000251103545 22.98000147241259 51.260002553515385
69.51000239922564 92.48000189245488 51.260002553515385
104.01000260773583 106.4800019770677 51.260002553515385
7.010002021489768 83.98000184108281 51.76000255653727
101.51000259262639 84.48000184410469 51.76000255653727
87.01000250499169 86.98000185921413 51.76000255653727
116.51000268328303 116.98000204052735 51.76000255653727
34.01000218467166 122.98000207678999 51.76000255653727
54.01000230554714 81.48000182597337 52.26000255955916
104.01000260773583 107.48000198311149 52.26000255955916
113.51000266515169 35.98000155098165 52.76000256258104
57.01000232367847 66.98000173833864 52.76000256258104
57.01000232367847 67.48000174136052 52.76000256258104
57.51000232670035 67.48000174136052 52.76000256258104
57.51000232670035 68.48000174740432 52.76000256258104
93.01000254125432 89.48000187432356 52.76000256258104
43.01000223906563 131.48000212816206 52.76000256258104
57.51000232670035 66.98000173833864 53.26000256560293
57.01000232367847 67.48000174136052 53.26000256560293
57.51000232670035 67.9800017443824 53.26000256560293
49.510002278350164 72.4800017715794 53.26000256560293
84.51000248988225 88.48000186827977 53.26000256560293
83.51000248383846 89.48000187432356 53.26000256560293
124.01000272861131 105.48000197102394 53.26000256560293
20.010002100058827 9.98000139384353 53.76000256862482
49.510002278350164 70.48000175949184 53.76000256862482
107.51000262888905 104.98000196800206 53.76000256862482
105.01000261377962 105.98000197404582 53.76000256862482
120.01000270443623 69.48000175344808 54.26000257164671
96.01000255938564 111.4800020072866 54.26000257164671
24.51000212725581 65.98000173229488 54.7600025746686
100.51000258658263 84.98000184712657 54.7600025746686
102.0100025956483 106.98000198008961 54.7600025746686
50.51000228439393 134.98000214931528 54.7600025746686
126.51000274372075 40.48000157817863 55.26000257769048
22.510002115168263 67.9800017443824 55.26000257769048
87.01000250499169 87.98000186525789 55.26000257769048
78.01000245059771 47.98000162350694 55.76000258071237
53.01000229950336 75.9800017927326 55.76000258071237
101.01000258960451 104.98000196800206 55.76000258071237
84.01000248686037 110.98000200426469 55.76000258071237
123.01000272256755 61.980001708119765 56.260002583734256
24.51000212725581 69.98000175646996 56.260002583734256
36.5100021997811 124.98000208887754 56.260002583734256
37.01000220280299 56.98000167790091 56.760002586756144
26.010002136321475 65.98000173229488 56.760002586756144
122.51000271954567 65.98000173229488 56.760002586756144
32.510002175606004 47.48000162048505 57.260002589778026
114.51000267119548 68.48000174740432 57.260002589778026
84.01000248686037 88.48000186827977 57.260002589778026
42.51000223604374 132.98000213722773 57.260002589778026
62.51000235691922 14.480001421040512 57.760002592799914
122.51000271954567 51.48000164466014 57.760002592799914
36.01000219675921 54.980001665813354 57.760002592799914
119.01000269839244 56.98000167790091 57.760002592799914
98.0100025714732 74.98000178668883 57.760002592799914
55.01000231159092 78.98000181086394 57.760002592799914
55.5100023146128 78.98000181086394 57.760002592799914
92.51000253823244 85.98000185317034 57.760002592799914
96.01000255938564 87.48000186223601 57.760002592799914
27.010002142365245 60.980001702076 58.2600025958218
104.01000260773583 63.48000171718544 58.2600025958218
106.51000262284526 63.98000172020732 58.2600025958218
54.510002308569035 75.48000178971071 58.2600025958218
123.01000272256755 65.98000173229488 58.76000259884369
19.010002094015057 69.48000175344808 58.76000259884369
112.01000265608604 97.48000192267375 58.76000259884369
51.510002290437704 23.980001478456366 59.26000260186558
22.510002115168263 28.480001505653348 59.26000260186558
98.51000257449508 44.98000160537561 59.26000260186558
28.51000215143091 59.480001693010344 59.26000260186558
25.510002133299587 63.48000171718544 59.26000260186558
26.010002136321475 69.48000175344808 59.26000260186558
40.51000222395619 4.48000136060277 59.76000260488746
83.51000248383846 10.480001396865415 59.76000260488746
77.01000244455395 43.480001596309954 59.76000260488746
36.01000219675921 54.980001665813354 59.76000260488746
128.01000275278642 59.480001693010344 59.76000260488746
26.010002136321475 61.980001708119765 59.76000260488746
18.01000208797128 71.48000176553563 59.76000260488746
25.510002133299587 23.980001478456366 60.26000260790935
25.010002130277698 25.480001487522024 60.26000260790935
26.010002136321475 33.48000153587221 60.26000260790935
25.010002130277698 59.980001696032225 60.26000260790935
28.010002148409022 63.48000171718544 60.26000260790935
26.510002139343356 67.48000174136052 60.26000260790935
20.510002103080716 77.98000180482015 60.26000260790935
104.51000261075774 78.48000180784203 60.26000260790935
30.01000216049657 36.980001557025425 60.76000261093124
30.510002163518458 39.48000157213486 60.76000261093124
100.51000258658263 45.4800016083975 60.76000261093124
38.01000220884676 51.48000164466014 60.76000261093124
29.010002154452792 57.98000168394467 60.76000261093124
25.510002133299587 58.98000168998845 60.76000261093124
121.01000271048 58.98000168998845 60.76000261093124
23.51000212121204 61.980001708119765 60.76000261093124
25.010002130277698 64.98000172625109 60.76000261093124
20.510002103080716 72.4800017715794 60.76000261093124
107.51000262888905 73.48000177762316 60.76000261093124
15.010002069839956 9.480001390821641 61.26000261395313
99.01000257751696 45.98000161141939 61.26000261395313
28.51000215143091 46.48000161444127 61.26000261395313
35.01000219071544 51.48000164466014 61.26000261395313
33.510002181649774 54.48000166279147 61.26000261395313
34.01000218467166 55.98000167185713 61.26000261395313
25.510002133299587 67.48000174136052 61.26000261395313
36.01000219675921 127.98000210700886 61.26000261395313
24.51000212725581 21.48000146334693 61.760002616975015
21.010002106102604 29.980001514719007 61.760002616975015
97.51000256845131 45.4800016083975 61.760002616975015
100.01000258356075 45.4800016083975 61.760002616975015
33.510002181649774 49.4800016325726 61.760002616975015
24.51000212725581 59.480001693010344 61.760002616975015
28.010002148409022 59.480001693010344 61.760002616975015
120.51000270745811 63.98000172020732 61.760002616975015
122.01000271652379 65.98000173229488 61.760002616975015
100.01000258356075 44.98000160537561 62.2600026199969
24.51000212725581 58.48000168696657 62.2600026199969
25.010002130277698 60.980001702076 62.2600026199969
124.01000272861131 62.98000171416354 62.2600026199969
24.51000212725581 63.98000172020732 62.2600026199969
20.010002100058827 67.9800017443824 62.2600026199969
20.010002100058827 68.48000174740432 62.2600026199969
16.51000207890562 17.980001442193718 62.760002623018785
27.510002145387134 18.480001445215606 62.760002623018785
86.51000250196981 25.480001487522024 62.760002623018785
24.51000212725581 28.480001505653348 62.760002623018785
27.010002142365245 61.480001705097884 62.760002623018785
25.010002130277698 62.48000171114166 62.760002623018785
31.01000216654034 2.4800013485152235 63.260002626040674
16.51000207890562 16.48000143312806 63.260002626040674
22.010002112146374 62.48000171114166 63.260002626040674
24.51000212725581 9.480001390821641 63.76000262906256
24.010002124233928 60.980001702076 63.76000262906256
28.010002148409022 6.480001372690321 64.26000263208445
42.01000223302186 18.480001445215606 64.26000263208445
21.510002109124493 25.980001490543913 64.26000263208445
28.010002148409022 53.98000165976958 64.26000263208445
25.010002130277698 59.980001696032225 64.26000263208445
24.51000212725581 5.480001366646544 64.76000263510633
22.010002112146374 6.980001375712206 64.76000263510633
45.010002251153175 17.980001442193718 65.26000263812823
25.010002130277698 61.480001705097884 65.26000263812823
47.51000226626261 5.480001366646544 65.76000264115011
48.51000227230639 8.980001387799753 65.76000264115011
57.01000232367847 10.480001396865415 65.76000264115011
26.010002136321475 63.98000172020732 65.76000264115011
14.510002066818075 18.980001448237495 67.26000265021577
32.510002175606004 23.980001478456366 67.76000265323766
37.510002205824875 1.980001345493335 68.26000265625954
